Vertex Count: 1176

Data:

-14.0444 2.09601 -23.9545 0.884792 0.126627 0 0 -1
14.0444 0.022009 -23.9545 0.777711 0.55918 0 0 -1
-14.0444 0.022009 -23.9545 0.777711 0.126627 0 0 -1
14.0444 2.09601 -23.9545 0.884792 0.55918 0 0 -1
14.0444 0.022009 -23.9545 0.777711 0.55918 0 0 -1
-14.0444 2.09601 -23.9545 0.884792 0.126627 0 0 -1
-14.0444 2.09601 20.214 0.001992 0.563171 0 1 -0
14.0444 2.09601 -23.9545 0.434545 0.998141 0 1 -0
-14.0444 2.09601 -23.9545 0.001992 0.998141 0 1 -0
14.0444 2.09601 20.214 0.434545 0.563171 0 1 -0
14.0444 2.09601 -23.9545 0.434545 0.998141 0 1 -0
-14.0444 2.09601 20.214 0.001992 0.563171 0 1 -0
-14.0444 0.022009 20.214 0.771576 0.126627 0 0 1
14.0444 2.09601 20.214 0.664496 0.55918 0 0 1
-14.0444 2.09601 20.214 0.664496 0.126627 0 0 1
14.0444 0.022009 20.214 0.771576 0.55918 0 0 1
14.0444 2.09601 20.214 0.664496 0.55918 0 0 1
-14.0444 0.022009 20.214 0.771576 0.126627 0 0 1
-14.0444 0.022009 -23.9545 0.440701 0.563171 0 -1 -0
14.0444 0.022009 20.214 0.873254 0.998141 0 -1 -0
-14.0444 0.022009 20.214 0.440701 0.998141 0 -1 -0
14.0444 0.022009 -23.9545 0.873254 0.563171 0 -1 -0
14.0444 0.022009 20.214 0.873254 0.998141 0 -1 -0
-14.0444 0.022009 -23.9545 0.440701 0.563171 0 -1 -0
14.0444 2.09601 -23.9545 0.988245 0.563171 1 0 -0
14.0444 0.022009 20.214 0.881164 0.998141 1 0 -0
14.0444 0.022009 -23.9545 0.881164 0.563171 1 0 -0
14.0444 2.09601 20.214 0.988245 0.998141 1 0 -0
14.0444 0.022009 20.214 0.881164 0.998141 1 0 -0
14.0444 2.09601 -23.9545 0.988245 0.563171 1 0 -0
-14.0444 2.09601 20.214 0.998008 0.124211 -1 0 -0
-14.0444 0.022009 -23.9545 0.890927 0.55918 -1 0 -0
-14.0444 0.022009 20.214 0.890927 0.124211 -1 0 -0
-14.0444 2.09601 -23.9545 0.998008 0.55918 -1 0 -0
-14.0444 0.022009 -23.9545 0.890927 0.55918 -1 0 -0
-14.0444 2.09601 20.214 0.998008 0.124211 -1 0 -0
-10.5405 6.12234 -19.7614 0.850699 0.115055 -1 0 -0
-10.5405 6.36678 -19.3765 0.857264 0.111265 -1 0 -0
-10.5405 6.36678 -20.1463 0.857264 0.118846 -1 0 -0
-10.5405 6.12234 -19.7614 0.850699 0.115055 -1 0 -0
-10.5405 6.36678 -20.1463 0.857264 0.118846 -1 0 -0
-10.5405 6.12234 -20.5312 0.850699 0.122636 -1 0 -0
-10.5405 6.12234 -19.7614 0.850699 0.115055 -1 0 -0
-10.5405 6.12234 -20.5312 0.850699 0.122636 -1 0 -0
-10.5405 5.87789 -20.1463 0.844134 0.118846 -1 0 -0
-10.5405 6.12234 -19.7614 0.850699 0.115055 -1 0 -0
-10.5405 5.87789 -20.1463 0.844134 0.118846 -1 0 -0
-10.5405 5.87789 -19.3765 0.844134 0.111265 -1 0 -0
-10.5405 6.12234 -19.7614 0.850699 0.115055 -1 0 -0
-10.5405 5.87789 -19.3765 0.844134 0.111265 -1 0 -0
-10.5405 6.12234 -18.9916 0.850699 0.107475 -1 0 -0
-10.5405 6.12234 -19.7614 0.850699 0.115055 -1 0 -0
-10.5405 6.12234 -18.9916 0.850699 0.107475 -1 0 -0
-10.5405 6.36678 -19.3765 0.857264 0.111265 -1 0 -0
10.4566 6.12234 -19.7614 0.870189 0.115055 1 0 -0
10.4566 6.36678 -20.1463 0.876754 0.111265 1 0 -0
10.4566 6.36678 -19.3765 0.876754 0.118846 1 0 -0
10.4566 6.12234 -19.7614 0.870189 0.115055 1 0 -0
10.4566 6.12234 -20.5312 0.870189 0.107475 1 0 -0
10.4566 6.36678 -20.1463 0.876754 0.111265 1 0 -0
10.4566 6.12234 -19.7614 0.870189 0.115055 1 0 -0
10.4566 5.87789 -20.1463 0.863624 0.111265 1 0 -0
10.4566 6.12234 -20.5312 0.870189 0.107475 1 0 -0
10.4566 6.12234 -19.7614 0.870189 0.115055 1 0 -0
10.4566 5.87789 -19.3765 0.863624 0.118846 1 0 -0
10.4566 5.87789 -20.1463 0.863624 0.111265 1 0 -0
10.4566 6.12234 -19.7614 0.870189 0.115055 1 0 -0
10.4566 6.12234 -18.9916 0.870189 0.122636 1 0 -0
10.4566 5.87789 -19.3765 0.863624 0.118846 1 0 -0
10.4566 6.12234 -19.7614 0.870189 0.115055 1 0 -0
10.4566 6.36678 -19.3765 0.876754 0.118846 1 0 -0
10.4566 6.12234 -18.9916 0.870189 0.122636 1 0 -0
-10.5405 4.59042 -19.7614 0.760259 0.076041 -1 0 -0
-10.5405 4.83486 -19.3765 0.766824 0.072251 -1 0 -0
-10.5405 4.83486 -20.1463 0.766824 0.079831 -1 0 -0
-10.5405 4.59042 -19.7614 0.760259 0.076041 -1 0 -0
-10.5405 4.83486 -20.1463 0.766824 0.079831 -1 0 -0
-10.5405 4.59042 -20.5312 0.760259 0.083622 -1 0 -0
-10.5405 4.59042 -19.7614 0.760259 0.076041 -1 0 -0
-10.5405 4.59042 -20.5312 0.760259 0.083622 -1 0 -0
-10.5405 4.34598 -20.1463 0.753694 0.079831 -1 0 -0
-10.5405 4.59042 -19.7614 0.760259 0.076041 -1 0 -0
-10.5405 4.34598 -20.1463 0.753694 0.079831 -1 0 -0
-10.5405 4.34598 -19.3765 0.753694 0.072251 -1 0 -0
-10.5405 4.59042 -19.7614 0.760259 0.076041 -1 0 -0
-10.5405 4.34598 -19.3765 0.753694 0.072251 -1 0 -0
-10.5405 4.59042 -18.9916 0.760259 0.06846 -1 0 -0
-10.5405 4.59042 -19.7614 0.760259 0.076041 -1 0 -0
-10.5405 4.59042 -18.9916 0.760259 0.06846 -1 0 -0
-10.5405 4.83486 -19.3765 0.766824 0.072251 -1 0 -0
10.4566 4.59042 -19.7614 0.889678 0.112639 1 0 -0
10.4566 4.83486 -20.1463 0.896243 0.108848 1 0 -0
10.4566 4.83486 -19.3765 0.896243 0.116429 1 0 -0
10.4566 4.59042 -19.7614 0.889678 0.112639 1 0 -0
10.4566 4.59042 -20.5312 0.889678 0.105058 1 0 -0
10.4566 4.83486 -20.1463 0.896243 0.108848 1 0 -0
10.4566 4.59042 -19.7614 0.889678 0.112639 1 0 -0
10.4566 4.34598 -20.1463 0.883113 0.108848 1 0 -0
10.4566 4.59042 -20.5312 0.889678 0.105058 1 0 -0
10.4566 4.59042 -19.7614 0.889678 0.112639 1 0 -0
10.4566 4.34598 -19.3765 0.883113 0.116429 1 0 -0
10.4566 4.34598 -20.1463 0.883113 0.108848 1 0 -0
10.4566 4.59042 -19.7614 0.889678 0.112639 1 0 -0
10.4566 4.59042 -18.9916 0.889678 0.120219 1 0 -0
10.4566 4.34598 -19.3765 0.883113 0.116429 1 0 -0
10.4566 4.59042 -19.7614 0.889678 0.112639 1 0 -0
10.4566 4.83486 -19.3765 0.896243 0.116429 1 0 -0
10.4566 4.59042 -18.9916 0.889678 0.120219 1 0 -0
-10.5405 2.9734 -19.7614 0.740994 0.076041 -1 0 -0
-10.5405 3.21784 -19.3765 0.747559 0.072251 -1 0 -0
-10.5405 3.21784 -20.1463 0.747559 0.079831 -1 0 -0
-10.5405 2.9734 -19.7614 0.740994 0.076041 -1 0 -0
-10.5405 3.21784 -20.1463 0.747559 0.079831 -1 0 -0
-10.5405 2.9734 -20.5312 0.740994 0.083622 -1 0 -0
-10.5405 2.9734 -19.7614 0.740994 0.076041 -1 0 -0
-10.5405 2.9734 -20.5312 0.740994 0.083622 -1 0 -0
-10.5405 2.72896 -20.1463 0.734429 0.079831 -1 0 -0
-10.5405 2.9734 -19.7614 0.740994 0.076041 -1 0 -0
-10.5405 2.72896 -20.1463 0.734429 0.079831 -1 0 -0
-10.5405 2.72896 -19.3765 0.734429 0.072251 -1 0 -0
-10.5405 2.9734 -19.7614 0.740994 0.076041 -1 0 -0
-10.5405 2.72896 -19.3765 0.734429 0.072251 -1 0 -0
-10.5405 2.9734 -18.9916 0.740994 0.06846 -1 0 -0
-10.5405 2.9734 -19.7614 0.740994 0.076041 -1 0 -0
-10.5405 2.9734 -18.9916 0.740994 0.06846 -1 0 -0
-10.5405 3.21784 -19.3765 0.747559 0.072251 -1 0 -0
10.4566 2.9734 -19.7614 0.909168 0.112639 1 0 -0
10.4566 3.21784 -20.1463 0.915733 0.108848 1 0 -0
10.4566 3.21784 -19.3765 0.915733 0.116429 1 0 -0
10.4566 2.9734 -19.7614 0.909168 0.112639 1 0 -0
10.4566 2.9734 -20.5312 0.909168 0.105058 1 0 -0
10.4566 3.21784 -20.1463 0.915733 0.108848 1 0 -0
10.4566 2.9734 -19.7614 0.909168 0.112639 1 0 -0
10.4566 2.72896 -20.1463 0.902603 0.108848 1 0 -0
10.4566 2.9734 -20.5312 0.909168 0.105058 1 0 -0
10.4566 2.9734 -19.7614 0.909168 0.112639 1 0 -0
10.4566 2.72896 -19.3765 0.902603 0.116429 1 0 -0
10.4566 2.72896 -20.1463 0.902603 0.108848 1 0 -0
10.4566 2.9734 -19.7614 0.909168 0.112639 1 0 -0
10.4566 2.9734 -18.9916 0.909168 0.120219 1 0 -0
10.4566 2.72896 -19.3765 0.902603 0.116429 1 0 -0
10.4566 2.9734 -19.7614 0.909168 0.112639 1 0 -0
10.4566 3.21784 -19.3765 0.915733 0.116429 1 0 -0
10.4566 2.9734 -18.9916 0.909168 0.120219 1 0 -0
10.4566 6.36678 16.5676 0.613694 0.55918 0 1 -0
-10.5405 6.36678 15.7979 0.606114 0.235837 0 1 -0
-10.5405 6.36678 16.5676 0.613694 0.235837 0 1 -0
10.4566 6.36678 15.7979 0.606114 0.55918 0 1 -0
-10.5405 6.36678 15.7979 0.606114 0.235837 0 1 -0
10.4566 6.36678 16.5676 0.613694 0.55918 0 1 -0
10.4566 6.36678 15.7979 0.366493 0.55918 0 0.844141 -0.536121
-10.5405 6.12234 15.413 0.359928 0.235837 0 0.844141 -0.536121
-10.5405 6.36678 15.7979 0.366493 0.235837 0 0.844141 -0.536121
10.4566 6.12234 15.413 0.359928 0.55918 0 0.844141 -0.536121
-10.5405 6.12234 15.413 0.359928 0.235837 0 0.844141 -0.536121
10.4566 6.36678 15.7979 0.366493 0.55918 0 0.844141 -0.536121
10.4566 6.12234 15.413 0.359928 0.55918 0 -0.844141 -0.536121
-10.5405 5.87789 15.7979 0.353363 0.235837 0 -0.844141 -0.536121
-10.5405 6.12234 15.413 0.359928 0.235837 0 -0.844141 -0.536121
10.4566 5.87789 15.7979 0.353363 0.55918 0 -0.844141 -0.536121
-10.5405 5.87789 15.7979 0.353363 0.235837 0 -0.844141 -0.536121
10.4566 6.12234 15.413 0.359928 0.55918 0 -0.844141 -0.536121
10.4566 5.87789 15.7979 0.599979 0.55918 0 -1 -0
-10.5405 5.87789 16.5676 0.592398 0.235837 0 -1 -0
-10.5405 5.87789 15.7979 0.599979 0.235837 0 -1 -0
10.4566 5.87789 16.5676 0.592398 0.55918 0 -1 -0
-10.5405 5.87789 16.5676 0.592398 0.235837 0 -1 -0
10.4566 5.87789 15.7979 0.599979 0.55918 0 -1 -0
10.4566 5.87789 16.5676 0.586263 0.55918 0 -0.844141 0.536121
-10.5405 6.12234 16.9525 0.579698 0.235837 0 -0.844141 0.536121
-10.5405 5.87789 16.5676 0.586263 0.235837 0 -0.844141 0.536121
10.4566 6.12234 16.9525 0.579698 0.55918 0 -0.844141 0.536121
-10.5405 6.12234 16.9525 0.579698 0.235837 0 -0.844141 0.536121
10.4566 5.87789 16.5676 0.586263 0.55918 0 -0.844141 0.536121
10.4566 6.12234 16.9525 0.579698 0.55918 0 0.844141 0.536121
-10.5405 6.36678 16.5676 0.573133 0.235837 0 0.844141 0.536121
-10.5405 6.12234 16.9525 0.579698 0.235837 0 0.844141 0.536121
10.4566 6.36678 16.5676 0.573133 0.55918 0 0.844141 0.536121
-10.5405 6.36678 16.5676 0.573133 0.235837 0 0.844141 0.536121
10.4566 6.12234 16.9525 0.579698 0.55918 0 0.844141 0.536121
-10.5405 6.12234 16.1828 0.928657 0.112639 -1 0 -0
-10.5405 6.36678 16.5676 0.935222 0.108848 -1 0 -0
-10.5405 6.36678 15.7979 0.935222 0.116429 -1 0 -0
-10.5405 6.12234 16.1828 0.928657 0.112639 -1 0 -0
-10.5405 6.36678 15.7979 0.935222 0.116429 -1 0 -0
-10.5405 6.12234 15.413 0.928657 0.120219 -1 0 -0
-10.5405 6.12234 16.1828 0.928657 0.112639 -1 0 -0
-10.5405 6.12234 15.413 0.928657 0.120219 -1 0 -0
-10.5405 5.87789 15.7979 0.922092 0.116429 -1 0 -0
-10.5405 6.12234 16.1828 0.928657 0.112639 -1 0 -0
-10.5405 5.87789 15.7979 0.922092 0.116429 -1 0 -0
-10.5405 5.87789 16.5676 0.922092 0.108848 -1 0 -0
-10.5405 6.12234 16.1828 0.928657 0.112639 -1 0 -0
-10.5405 5.87789 16.5676 0.922092 0.108848 -1 0 -0
-10.5405 6.12234 16.9525 0.928657 0.105058 -1 0 -0
-10.5405 6.12234 16.1828 0.928657 0.112639 -1 0 -0
-10.5405 6.12234 16.9525 0.928657 0.105058 -1 0 -0
-10.5405 6.36678 16.5676 0.935222 0.108848 -1 0 -0
10.4566 6.12234 16.1828 0.948147 0.112639 1 0 -0
10.4566 6.36678 15.7979 0.954712 0.108848 1 0 -0
10.4566 6.36678 16.5676 0.954712 0.116429 1 0 -0
10.4566 6.12234 16.1828 0.948147 0.112639 1 0 -0
10.4566 6.12234 15.413 0.948147 0.105058 1 0 -0
10.4566 6.36678 15.7979 0.954712 0.108848 1 0 -0
10.4566 6.12234 16.1828 0.948147 0.112639 1 0 -0
10.4566 5.87789 15.7979 0.941582 0.108848 1 0 -0
10.4566 6.12234 15.413 0.948147 0.105058 1 0 -0
10.4566 6.12234 16.1828 0.948147 0.112639 1 0 -0
10.4566 5.87789 16.5676 0.941582 0.116429 1 0 -0
10.4566 5.87789 15.7979 0.941582 0.108848 1 0 -0
10.4566 6.12234 16.1828 0.948147 0.112639 1 0 -0
10.4566 6.12234 16.9525 0.948147 0.120219 1 0 -0
10.4566 5.87789 16.5676 0.941582 0.116429 1 0 -0
10.4566 6.12234 16.1828 0.948147 0.112639 1 0 -0
10.4566 6.36678 16.5676 0.954712 0.116429 1 0 -0
10.4566 6.12234 16.9525 0.948147 0.120219 1 0 -0
10.4566 4.83486 16.5676 0.049349 0.55918 0 1 2e-006
-10.5405 4.83486 15.7979 0.041768 0.235837 0 1 0
-10.5405 4.83486 16.5676 0.049349 0.235837 0 1 -0
10.4566 4.83486 15.7979 0.041768 0.55918 0 1 2e-006
-10.5405 4.83486 15.7979 0.041768 0.235837 0 1 0
10.4566 4.83486 16.5676 0.049349 0.55918 0 1 2e-006
10.4566 4.83486 15.7979 0.347228 0.55918 0 0.844141 -0.536121
-10.5405 4.59042 15.413 0.340663 0.235837 0 0.844141 -0.536121
-10.5405 4.83486 15.7979 0.347228 0.235837 0 0.844141 -0.536121
10.4566 4.59042 15.413 0.340663 0.55918 0 0.844141 -0.536121
-10.5405 4.59042 15.413 0.340663 0.235837 0 0.844141 -0.536121
10.4566 4.83486 15.7979 0.347228 0.55918 0 0.844141 -0.536121
10.4566 4.59042 15.413 0.340663 0.55918 0 -0.844141 -0.536121
-10.5405 4.34598 15.7979 0.334098 0.235837 0 -0.84414 -0.536123
-10.5405 4.59042 15.413 0.340663 0.235837 0 -0.84414 -0.536123
10.4566 4.34598 15.7979 0.334098 0.55918 0 -0.844141 -0.536121
-10.5405 4.34598 15.7979 0.334098 0.235837 0 -0.84414 -0.536123
10.4566 4.59042 15.413 0.340663 0.55918 0 -0.844141 -0.536121
10.4566 4.34598 15.7979 0.566997 0.55918 0 -1 -0
-10.5405 4.34598 16.5676 0.559417 0.235837 0 -1 -0
-10.5405 4.34598 15.7979 0.566997 0.235837 0 -1 -0
10.4566 4.34598 16.5676 0.559417 0.55918 0 -1 -0
-10.5405 4.34598 16.5676 0.559417 0.235837 0 -1 -0
10.4566 4.34598 15.7979 0.566997 0.55918 0 -1 -0
10.4566 4.34598 16.5676 0.553281 0.55918 0 -0.84414 0.536123
-10.5405 4.59042 16.9525 0.546716 0.235837 0 -0.844141 0.536121
-10.5405 4.34598 16.5676 0.553281 0.235837 0 -0.844141 0.536121
10.4566 4.59042 16.9525 0.546716 0.55918 0 -0.84414 0.536123
-10.5405 4.59042 16.9525 0.546716 0.235837 0 -0.844141 0.536121
10.4566 4.34598 16.5676 0.553281 0.55918 0 -0.84414 0.536123
10.4566 4.59042 16.9525 0.053139 0.55918 0 0.844141 0.536121
-10.5405 4.83486 16.5676 0.049349 0.235837 0 0.844143 0.536119
-10.5405 4.59042 16.9525 0.053139 0.235837 0 0.844143 0.536119
10.4566 4.83486 16.5676 0.049349 0.55918 0 0.844141 0.536121
-10.5405 4.83486 16.5676 0.049349 0.235837 0 0.844143 0.536119
10.4566 4.59042 16.9525 0.053139 0.55918 0 0.844141 0.536121
-10.5405 4.59042 16.1828 0.967636 0.112639 -1 0 -0
-10.5405 4.83486 16.5676 0.974201 0.108848 -1 0 -0
-10.5405 4.83486 15.7979 0.974201 0.116429 -1 0 -0
-10.5405 4.59042 16.1828 0.967636 0.112639 -1 0 -0
-10.5405 4.83486 15.7979 0.974201 0.116429 -1 0 -0
-10.5405 4.59042 15.413 0.967636 0.120219 -1 0 -0
-10.5405 4.59042 16.1828 0.967636 0.112639 -1 0 -0
-10.5405 4.59042 15.413 0.967636 0.120219 -1 0 -0
-10.5405 4.34598 15.7979 0.961071 0.116429 -1 0 -0
-10.5405 4.59042 16.1828 0.967636 0.112639 -1 0 -0
-10.5405 4.34598 15.7979 0.961071 0.116429 -1 0 -0
-10.5405 4.34598 16.5676 0.961071 0.108848 -1 0 -0
-10.5405 4.59042 16.1828 0.967636 0.112639 -1 0 -0
-10.5405 4.34598 16.5676 0.961071 0.108848 -1 0 -0
-10.5405 4.59042 16.9525 0.967636 0.105058 -1 0 -0
-10.5405 4.59042 16.1828 0.967636 0.112639 -1 0 -0
-10.5405 4.59042 16.9525 0.967636 0.105058 -1 0 -0
-10.5405 4.83486 16.5676 0.974201 0.108848 -1 0 -0
10.4566 4.59042 16.1828 0.987126 0.112639 1 0 -0
10.4566 4.83486 15.7979 0.993691 0.108848 1 0 -0
10.4566 4.83486 16.5676 0.993691 0.116429 1 0 -0
10.4566 4.59042 16.1828 0.987126 0.112639 1 0 -0
10.4566 4.59042 15.413 0.987126 0.105058 1 0 -0
10.4566 4.83486 15.7979 0.993691 0.108848 1 0 -0
10.4566 4.59042 16.1828 0.987126 0.112639 1 0 -0
10.4566 4.34598 15.7979 0.980561 0.108848 1 0 -0
10.4566 4.59042 15.413 0.987126 0.105058 1 0 -0
10.4566 4.59042 16.1828 0.987126 0.112639 1 0 -0
10.4566 4.34598 16.5676 0.980561 0.116429 1 0 -0
10.4566 4.34598 15.7979 0.980561 0.108848 1 0 -0
10.4566 4.59042 16.1828 0.987126 0.112639 1 0 -0
10.4566 4.59042 16.9525 0.987126 0.120219 1 0 -0
10.4566 4.34598 16.5676 0.980561 0.116429 1 0 -0
10.4566 4.59042 16.1828 0.987126 0.112639 1 0 -0
10.4566 4.83486 16.5676 0.993691 0.116429 1 0 -0
10.4566 4.59042 16.9525 0.987126 0.120219 1 0 -0
10.4566 3.21784 16.5676 0.031843 0.55918 0 1 2e-006
-10.5405 3.21784 15.7979 0.024262 0.235837 0 1 0
-10.5405 3.21784 16.5676 0.031843 0.235837 0 1 -0
10.4566 3.21784 15.7979 0.024262 0.55918 0 1 2e-006
-10.5405 3.21784 15.7979 0.024262 0.235837 0 1 0
10.4566 3.21784 16.5676 0.031843 0.55918 0 1 2e-006
10.4566 3.21784 15.7979 0.327962 0.55918 0 0.844141 -0.536121
-10.5405 2.9734 15.413 0.321397 0.235837 0 0.844141 -0.536121
-10.5405 3.21784 15.7979 0.327962 0.235837 0 0.844141 -0.536121
10.4566 2.9734 15.413 0.321397 0.55918 0 0.844141 -0.536121
-10.5405 2.9734 15.413 0.321397 0.235837 0 0.844141 -0.536121
10.4566 3.21784 15.7979 0.327962 0.55918 0 0.844141 -0.536121
10.4566 2.9734 15.413 0.321397 0.55918 0 -0.844141 -0.536122
-10.5405 2.72896 15.7979 0.314832 0.235837 0 -0.844141 -0.536121
-10.5405 2.9734 15.413 0.321397 0.235837 0 -0.844141 -0.536121
10.4566 2.72896 15.7979 0.314832 0.55918 0 -0.844141 -0.536122
-10.5405 2.72896 15.7979 0.314832 0.235837 0 -0.844141 -0.536121
10.4566 2.9734 15.413 0.321397 0.55918 0 -0.844141 -0.536122
10.4566 2.72896 15.7979 0.540581 0.55918 0 -1 -0
-10.5405 2.72896 16.5676 0.533001 0.235837 0 -1 -0
-10.5405 2.72896 15.7979 0.540581 0.235837 0 -1 -0
10.4566 2.72896 16.5676 0.533001 0.55918 0 -1 -0
-10.5405 2.72896 16.5676 0.533001 0.235837 0 -1 -0
10.4566 2.72896 15.7979 0.540581 0.55918 0 -1 -0
10.4566 2.72896 16.5676 0.526865 0.55918 0 -0.844141 0.536121
-10.5405 2.9734 16.9525 0.5203 0.235837 0 -0.844141 0.536122
-10.5405 2.72896 16.5676 0.526865 0.235837 0 -0.844141 0.536122
10.4566 2.9734 16.9525 0.5203 0.55918 0 -0.844141 0.536121
-10.5405 2.9734 16.9525 0.5203 0.235837 0 -0.844141 0.536122
10.4566 2.72896 16.5676 0.526865 0.55918 0 -0.844141 0.536121
10.4566 2.9734 16.9525 0.035633 0.55918 0 0.844141 0.536121
-10.5405 3.21784 16.5676 0.031843 0.235837 0 0.844143 0.536119
-10.5405 2.9734 16.9525 0.035633 0.235837 0 0.844143 0.536119
10.4566 3.21784 16.5676 0.031843 0.55918 0 0.844141 0.536121
-10.5405 3.21784 16.5676 0.031843 0.235837 0 0.844143 0.536119
10.4566 2.9734 16.9525 0.035633 0.55918 0 0.844141 0.536121
-10.5405 2.9734 16.1828 0.991443 0.093486 -1 0 -0
-10.5405 3.21784 16.5676 0.998008 0.089696 -1 0 -0
-10.5405 3.21784 15.7979 0.998008 0.097276 -1 0 -0
-10.5405 2.9734 16.1828 0.991443 0.093486 -1 0 -0
-10.5405 3.21784 15.7979 0.998008 0.097276 -1 0 -0
-10.5405 2.9734 15.413 0.991443 0.101067 -1 0 -0
-10.5405 2.9734 16.1828 0.991443 0.093486 -1 0 -0
-10.5405 2.9734 15.413 0.991443 0.101067 -1 0 -0
-10.5405 2.72896 15.7979 0.984878 0.097276 -1 0 -0
-10.5405 2.9734 16.1828 0.991443 0.093486 -1 0 -0
-10.5405 2.72896 15.7979 0.984878 0.097276 -1 0 -0
-10.5405 2.72896 16.5676 0.984878 0.089696 -1 0 -0
-10.5405 2.9734 16.1828 0.991443 0.093486 -1 0 -0
-10.5405 2.72896 16.5676 0.984878 0.089696 -1 0 -0
-10.5405 2.9734 16.9525 0.991443 0.085905 -1 0 -0
-10.5405 2.9734 16.1828 0.991443 0.093486 -1 0 -0
-10.5405 2.9734 16.9525 0.991443 0.085905 -1 0 -0
-10.5405 3.21784 16.5676 0.998008 0.089696 -1 0 -0
10.4566 2.9734 16.1828 0.972178 0.093486 1 0 -0
10.4566 3.21784 15.7979 0.978742 0.089696 1 0 -0
10.4566 3.21784 16.5676 0.978742 0.097276 1 0 -0
10.4566 2.9734 16.1828 0.972178 0.093486 1 0 -0
10.4566 2.9734 15.413 0.972178 0.085905 1 0 -0
10.4566 3.21784 15.7979 0.978742 0.089696 1 0 -0
10.4566 2.9734 16.1828 0.972178 0.093486 1 0 -0
10.4566 2.72896 15.7979 0.965613 0.089696 1 0 -0
10.4566 2.9734 15.413 0.972178 0.085905 1 0 -0
10.4566 2.9734 16.1828 0.972178 0.093486 1 0 -0
10.4566 2.72896 16.5676 0.965613 0.097276 1 0 -0
10.4566 2.72896 15.7979 0.965613 0.089696 1 0 -0
10.4566 2.9734 16.1828 0.972178 0.093486 1 0 -0
10.4566 2.9734 16.9525 0.972178 0.101067 1 0 -0
10.4566 2.72896 16.5676 0.965613 0.097276 1 0 -0
10.4566 2.9734 16.1828 0.972178 0.093486 1 0 -0
10.4566 3.21784 16.5676 0.978742 0.097276 1 0 -0
10.4566 2.9734 16.9525 0.972178 0.101067 1 0 -0
-11.0856 6.36678 -18.0471 0.304907 0.55918 0 1 -0
-11.5778 6.36678 14.7865 0.297326 0.235837 0 1 -0
-11.0856 6.36678 14.7865 0.304907 0.235837 0 1 -0
-11.5778 6.36678 -18.0471 0.297326 0.55918 0 1 -0
-11.5778 6.36678 14.7865 0.297326 0.235837 0 1 -0
-11.0856 6.36678 -18.0471 0.304907 0.55918 0 1 -0
-11.5778 6.36678 -18.0471 0.297326 0.55918 -0.704668 0.709538 -0
-11.824 6.12234 14.7865 0.293536 0.235837 -0.704664 0.709541 -0
-11.5778 6.36678 14.7865 0.297326 0.235837 -0.704664 0.709541 -0
-11.824 6.12234 -18.0471 0.293536 0.55918 -0.704668 0.709538 -0
-11.824 6.12234 14.7865 0.293536 0.235837 -0.704664 0.709541 -0
-11.5778 6.36678 -18.0471 0.297326 0.55918 -0.704668 0.709538 -0
-11.824 6.12234 -18.0471 0.272239 0.235837 -0.704664 -0.709541 -0
-11.5778 5.87789 14.7865 0.27603 0.55918 -0.704667 -0.709538 -0
-11.824 6.12234 14.7865 0.272239 0.55918 -0.704668 -0.709538 -0
-11.5778 5.87789 -18.0471 0.27603 0.235837 -0.704664 -0.709541 -0
-11.5778 5.87789 14.7865 0.27603 0.55918 -0.704667 -0.709538 -0
-11.824 6.12234 -18.0471 0.272239 0.235837 -0.704664 -0.709541 -0
-11.5778 5.87789 -18.0471 0.27603 0.235837 0 -1 -0
-11.0856 5.87789 14.7865 0.28361 0.55918 0 -1 -0
-11.5778 5.87789 14.7865 0.27603 0.55918 0 -1 -0
-11.0856 5.87789 -18.0471 0.28361 0.235837 0 -1 -0
-11.0856 5.87789 14.7865 0.28361 0.55918 0 -1 -0
-11.5778 5.87789 -18.0471 0.27603 0.235837 0 -1 -0
-11.0856 5.87789 -18.0471 0.28361 0.235837 0.704668 -0.709538 -0
-10.8394 6.12234 14.7865 0.287401 0.55918 0.704664 -0.709541 -0
-11.0856 5.87789 14.7865 0.28361 0.55918 0.704664 -0.709541 -0
-10.8394 6.12234 -18.0471 0.287401 0.235837 0.704668 -0.709538 -0
-10.8394 6.12234 14.7865 0.287401 0.55918 0.704664 -0.709541 -0
-11.0856 5.87789 -18.0471 0.28361 0.235837 0.704668 -0.709538 -0
-10.8394 6.12234 -18.0471 0.308697 0.55918 0.704664 0.709541 -0
-11.0856 6.36678 14.7865 0.304907 0.235837 0.704667 0.709538 -0
-10.8394 6.12234 14.7865 0.308697 0.235837 0.704668 0.709538 -0
-11.0856 6.36678 -18.0471 0.304907 0.55918 0.704664 0.709541 -0
-11.0856 6.36678 14.7865 0.304907 0.235837 0.704667 0.709538 -0
-10.8394 6.12234 -18.0471 0.308697 0.55918 0.704664 0.709541 -0
-11.3317 6.12234 14.7865 0.952912 0.093486 0 0 1
-11.0856 6.36678 14.7865 0.946347 0.097276 0 0 1
-11.5778 6.36678 14.7865 0.946347 0.089696 0 0 1
-11.3317 6.12234 14.7865 0.952912 0.093486 0 0 1
-11.5778 6.36678 14.7865 0.946347 0.089696 0 0 1
-11.824 6.12234 14.7865 0.952912 0.085905 0 0 1
-11.3317 6.12234 14.7865 0.952912 0.093486 0 0 1
-11.824 6.12234 14.7865 0.952912 0.085905 0 0 1
-11.5778 5.87789 14.7865 0.959477 0.089696 0 0 1
-11.3317 6.12234 14.7865 0.952912 0.093486 0 0 1
-11.5778 5.87789 14.7865 0.959477 0.089696 0 0 1
-11.0856 5.87789 14.7865 0.959477 0.097276 0 0 1
-11.3317 6.12234 14.7865 0.952912 0.093486 0 0 1
-11.0856 5.87789 14.7865 0.959477 0.097276 0 0 1
-10.8394 6.12234 14.7865 0.952912 0.101067 0 0 1
-11.3317 6.12234 14.7865 0.952912 0.093486 0 0 1
-10.8394 6.12234 14.7865 0.952912 0.101067 0 0 1
-11.0856 6.36678 14.7865 0.946347 0.097276 0 0 1
-11.3317 6.12234 -18.0471 0.933647 0.093486 0 0 -1
-11.5778 6.36678 -18.0471 0.940212 0.089696 0 0 -1
-11.0856 6.36678 -18.0471 0.940212 0.097276 0 0 -1
-11.3317 6.12234 -18.0471 0.933647 0.093486 0 0 -1
-11.824 6.12234 -18.0471 0.933647 0.085905 0 0 -1
-11.5778 6.36678 -18.0471 0.940212 0.089696 0 0 -1
-11.3317 6.12234 -18.0471 0.933647 0.093486 0 0 -1
-11.5778 5.87789 -18.0471 0.927082 0.089696 0 0 -1
-11.824 6.12234 -18.0471 0.933647 0.085905 0 0 -1
-11.3317 6.12234 -18.0471 0.933647 0.093486 0 0 -1
-11.0856 5.87789 -18.0471 0.927082 0.097276 0 0 -1
-11.5778 5.87789 -18.0471 0.927082 0.089696 0 0 -1
-11.3317 6.12234 -18.0471 0.933647 0.093486 0 0 -1
-10.8394 6.12234 -18.0471 0.933647 0.101067 0 0 -1
-11.0856 5.87789 -18.0471 0.927082 0.097276 0 0 -1
-11.3317 6.12234 -18.0471 0.933647 0.093486 0 0 -1
-11.0856 6.36678 -18.0471 0.940212 0.097276 0 0 -1
-10.8394 6.12234 -18.0471 0.933647 0.101067 0 0 -1
-11.0856 4.83486 -18.0471 0.262314 0.55918 1e-006 1 -0
-11.5778 4.83486 14.7865 0.254733 0.235837 1e-006 1 -0
-11.0856 4.83486 14.7865 0.262314 0.235837 1e-006 1 -0
-11.5778 4.83486 -18.0471 0.254733 0.55918 1e-006 1 -0
-11.5778 4.83486 14.7865 0.254733 0.235837 1e-006 1 -0
-11.0856 4.83486 -18.0471 0.262314 0.55918 1e-006 1 -0
-11.5778 4.83486 -18.0471 0.254733 0.55918 -0.704668 0.709538 -0
-11.824 4.59042 14.7865 0.250943 0.235837 -0.704664 0.709541 -0
-11.5778 4.83486 14.7865 0.254733 0.235837 -0.704664 0.709541 -0
-11.824 4.59042 -18.0471 0.250943 0.55918 -0.704668 0.709538 -0
-11.824 4.59042 14.7865 0.250943 0.235837 -0.704664 0.709541 -0
-11.5778 4.83486 -18.0471 0.254733 0.55918 -0.704668 0.709538 -0
-11.824 4.59042 -18.0471 0.229646 0.235837 -0.704664 -0.709541 -0
-11.5778 4.34598 14.7865 0.233437 0.55918 -0.704667 -0.709538 -0
-11.824 4.59042 14.7865 0.229646 0.55918 -0.704668 -0.709538 -0
-11.5778 4.34598 -18.0471 0.233437 0.235837 -0.704664 -0.709541 -0
-11.5778 4.34598 14.7865 0.233437 0.55918 -0.704667 -0.709538 -0
-11.824 4.59042 -18.0471 0.229646 0.235837 -0.704664 -0.709541 -0
-11.5778 4.34598 -18.0471 0.233437 0.235837 0 -1 -0
-11.0856 4.34598 14.7865 0.241017 0.55918 0 -1 -0
-11.5778 4.34598 14.7865 0.233437 0.55918 0 -1 -0
-11.0856 4.34598 -18.0471 0.241017 0.235837 0 -1 -0
-11.0856 4.34598 14.7865 0.241017 0.55918 0 -1 -0
-11.5778 4.34598 -18.0471 0.233437 0.235837 0 -1 -0
-11.0856 4.34598 -18.0471 0.241017 0.235837 0.704668 -0.709538 -0
-10.8394 4.59042 14.7865 0.244808 0.55918 0.704664 -0.709541 -0
-11.0856 4.34598 14.7865 0.241017 0.55918 0.704664 -0.709541 -0
-10.8394 4.59042 -18.0471 0.244808 0.235837 0.704668 -0.709538 -0
-10.8394 4.59042 14.7865 0.244808 0.55918 0.704664 -0.709541 -0
-11.0856 4.34598 -18.0471 0.241017 0.235837 0.704668 -0.709538 -0
-10.8394 4.59042 -18.0471 0.266104 0.55918 0.704664 0.709541 -0
-11.0856 4.83486 14.7865 0.262314 0.235837 0.704667 0.709538 -0
-10.8394 4.59042 14.7865 0.266104 0.235837 0.704667 0.709538 -0
-11.0856 4.83486 -18.0471 0.262314 0.55918 0.704664 0.709541 -0
-11.0856 4.83486 14.7865 0.262314 0.235837 0.704667 0.709538 -0
-10.8394 4.59042 -18.0471 0.266104 0.55918 0.704664 0.709541 -0
-11.3317 4.59042 14.7865 0.914381 0.093486 0 0 1
-11.0856 4.83486 14.7865 0.907816 0.097276 0 0 1
-11.5778 4.83486 14.7865 0.907816 0.089696 0 0 1
-11.3317 4.59042 14.7865 0.914381 0.093486 0 0 1
-11.5778 4.83486 14.7865 0.907816 0.089696 0 0 1
-11.824 4.59042 14.7865 0.914381 0.085905 0 0 1
-11.3317 4.59042 14.7865 0.914381 0.093486 0 0 1
-11.824 4.59042 14.7865 0.914381 0.085905 0 0 1
-11.5778 4.34598 14.7865 0.920946 0.089696 0 0 1
-11.3317 4.59042 14.7865 0.914381 0.093486 0 0 1
-11.5778 4.34598 14.7865 0.920946 0.089696 0 0 1
-11.0856 4.34598 14.7865 0.920946 0.097276 0 0 1
-11.3317 4.59042 14.7865 0.914381 0.093486 0 0 1
-11.0856 4.34598 14.7865 0.920946 0.097276 0 0 1
-10.8394 4.59042 14.7865 0.914381 0.101067 0 0 1
-11.3317 4.59042 14.7865 0.914381 0.093486 0 0 1
-10.8394 4.59042 14.7865 0.914381 0.101067 0 0 1
-11.0856 4.83486 14.7865 0.907816 0.097276 0 0 1
-11.3317 4.59042 -18.0471 0.721728 0.076041 0 0 -1
-11.5778 4.83486 -18.0471 0.728293 0.072251 0 0 -1
-11.0856 4.83486 -18.0471 0.728293 0.079831 0 0 -1
-11.3317 4.59042 -18.0471 0.721728 0.076041 0 0 -1
-11.824 4.59042 -18.0471 0.721728 0.06846 0 0 -1
-11.5778 4.83486 -18.0471 0.728293 0.072251 0 0 -1
-11.3317 4.59042 -18.0471 0.721728 0.076041 0 0 -1
-11.5778 4.34598 -18.0471 0.715163 0.072251 0 0 -1
-11.824 4.59042 -18.0471 0.721728 0.06846 0 0 -1
-11.3317 4.59042 -18.0471 0.721728 0.076041 0 0 -1
-11.0856 4.34598 -18.0471 0.715163 0.079831 0 0 -1
-11.5778 4.34598 -18.0471 0.715163 0.072251 0 0 -1
-11.3317 4.59042 -18.0471 0.721728 0.076041 0 0 -1
-10.8394 4.59042 -18.0471 0.721728 0.083622 0 0 -1
-11.0856 4.34598 -18.0471 0.715163 0.079831 0 0 -1
-11.3317 4.59042 -18.0471 0.721728 0.076041 0 0 -1
-11.0856 4.83486 -18.0471 0.728293 0.079831 0 0 -1
-10.8394 4.59042 -18.0471 0.721728 0.083622 0 0 -1
-11.0856 3.21784 -18.0471 0.219721 0.55918 1e-006 1 -0
-11.5778 3.21784 14.7865 0.21214 0.235837 1e-006 1 -0
-11.0856 3.21784 14.7865 0.219721 0.235837 1e-006 1 -0
-11.5778 3.21784 -18.0471 0.21214 0.55918 1e-006 1 -0
-11.5778 3.21784 14.7865 0.21214 0.235837 1e-006 1 -0
-11.0856 3.21784 -18.0471 0.219721 0.55918 1e-006 1 -0
-11.5778 3.21784 -18.0471 0.21214 0.55918 -0.704668 0.709538 -0
-11.824 2.9734 14.7865 0.20835 0.235837 -0.704664 0.709541 -0
-11.5778 3.21784 14.7865 0.21214 0.235837 -0.704664 0.709541 -0
-11.824 2.9734 -18.0471 0.20835 0.55918 -0.704668 0.709538 -0
-11.824 2.9734 14.7865 0.20835 0.235837 -0.704664 0.709541 -0
-11.5778 3.21784 -18.0471 0.21214 0.55918 -0.704668 0.709538 -0
-11.824 2.9734 -18.0471 0.187054 0.235837 -0.704664 -0.709541 -0
-11.5778 2.72896 14.7865 0.190844 0.55918 -0.704667 -0.709538 -0
-11.824 2.9734 14.7865 0.187054 0.55918 -0.704668 -0.709538 -0
-11.5778 2.72896 -18.0471 0.190844 0.235837 -0.704664 -0.709541 -0
-11.5778 2.72896 14.7865 0.190844 0.55918 -0.704667 -0.709538 -0
-11.824 2.9734 -18.0471 0.187054 0.235837 -0.704664 -0.709541 -0
-11.5778 2.72896 -18.0471 0.190844 0.235837 0 -1 -0
-11.0856 2.72896 14.7865 0.198424 0.55918 0 -1 -0
-11.5778 2.72896 14.7865 0.190844 0.55918 0 -1 -0
-11.0856 2.72896 -18.0471 0.198424 0.235837 0 -1 -0
-11.0856 2.72896 14.7865 0.198424 0.55918 0 -1 -0
-11.5778 2.72896 -18.0471 0.190844 0.235837 0 -1 -0
-11.0856 2.72896 -18.0471 0.198424 0.235837 0.704668 -0.709538 -0
-10.8394 2.9734 14.7865 0.202215 0.55918 0.704664 -0.709541 -0
-11.0856 2.72896 14.7865 0.198424 0.55918 0.704664 -0.709541 -0
-10.8394 2.9734 -18.0471 0.202215 0.235837 0.704668 -0.709538 -0
-10.8394 2.9734 14.7865 0.202215 0.55918 0.704664 -0.709541 -0
-11.0856 2.72896 -18.0471 0.198424 0.235837 0.704668 -0.709538 -0
-10.8394 2.9734 -18.0471 0.223511 0.55918 0.704664 0.709541 -0
-11.0856 3.21784 14.7865 0.219721 0.235837 0.704667 0.709538 -0
-10.8394 2.9734 14.7865 0.223511 0.235837 0.704667 0.709538 -0
-11.0856 3.21784 -18.0471 0.219721 0.55918 0.704664 0.709541 -0
-11.0856 3.21784 14.7865 0.219721 0.235837 0.704667 0.709538 -0
-10.8394 2.9734 -18.0471 0.223511 0.55918 0.704664 0.709541 -0
-11.3317 2.9734 14.7865 0.895116 0.093486 0 0 1
-11.0856 3.21784 14.7865 0.888551 0.097276 0 0 1
-11.5778 3.21784 14.7865 0.888551 0.089696 0 0 1
-11.3317 2.9734 14.7865 0.895116 0.093486 0 0 1
-11.5778 3.21784 14.7865 0.888551 0.089696 0 0 1
-11.824 2.9734 14.7865 0.895116 0.085905 0 0 1
-11.3317 2.9734 14.7865 0.895116 0.093486 0 0 1
-11.824 2.9734 14.7865 0.895116 0.085905 0 0 1
-11.5778 2.72896 14.7865 0.901681 0.089696 0 0 1
-11.3317 2.9734 14.7865 0.895116 0.093486 0 0 1
-11.5778 2.72896 14.7865 0.901681 0.089696 0 0 1
-11.0856 2.72896 14.7865 0.901681 0.097276 0 0 1
-11.3317 2.9734 14.7865 0.895116 0.093486 0 0 1
-11.0856 2.72896 14.7865 0.901681 0.097276 0 0 1
-10.8394 2.9734 14.7865 0.895116 0.101067 0 0 1
-11.3317 2.9734 14.7865 0.895116 0.093486 0 0 1
-10.8394 2.9734 14.7865 0.895116 0.101067 0 0 1
-11.0856 3.21784 14.7865 0.888551 0.097276 0 0 1
-11.3317 2.9734 -18.0471 0.702463 0.076041 0 0 -1
-11.5778 3.21784 -18.0471 0.709028 0.072251 0 0 -1
-11.0856 3.21784 -18.0471 0.709028 0.079831 0 0 -1
-11.3317 2.9734 -18.0471 0.702463 0.076041 0 0 -1
-11.824 2.9734 -18.0471 0.702463 0.06846 0 0 -1
-11.5778 3.21784 -18.0471 0.709028 0.072251 0 0 -1
-11.3317 2.9734 -18.0471 0.702463 0.076041 0 0 -1
-11.5778 2.72896 -18.0471 0.695898 0.072251 0 0 -1
-11.824 2.9734 -18.0471 0.702463 0.06846 0 0 -1
-11.3317 2.9734 -18.0471 0.702463 0.076041 0 0 -1
-11.0856 2.72896 -18.0471 0.695898 0.079831 0 0 -1
-11.5778 2.72896 -18.0471 0.695898 0.072251 0 0 -1
-11.3317 2.9734 -18.0471 0.702463 0.076041 0 0 -1
-10.8394 2.9734 -18.0471 0.702463 0.083622 0 0 -1
-11.0856 2.72896 -18.0471 0.695898 0.079831 0 0 -1
-11.3317 2.9734 -18.0471 0.702463 0.076041 0 0 -1
-11.0856 3.21784 -18.0471 0.709028 0.079831 0 0 -1
-10.8394 2.9734 -18.0471 0.702463 0.083622 0 0 -1
11.6973 3.21784 -18.0471 0.177128 0.55918 1e-006 1 -0
11.205 3.21784 14.7865 0.169547 0.235837 1e-006 1 -0
11.6973 3.21784 14.7865 0.177128 0.235837 1e-006 1 -0
11.205 3.21784 -18.0471 0.169547 0.55918 1e-006 1 -0
11.205 3.21784 14.7865 0.169547 0.235837 1e-006 1 -0
11.6973 3.21784 -18.0471 0.177128 0.55918 1e-006 1 -0
11.205 3.21784 -18.0471 0.169547 0.55918 -0.704668 0.709538 -0
10.9589 2.9734 14.7865 0.165757 0.235837 -0.704664 0.709541 -0
11.205 3.21784 14.7865 0.169547 0.235837 -0.704664 0.709541 -0
10.9589 2.9734 -18.0471 0.165757 0.55918 -0.704668 0.709538 -0
10.9589 2.9734 14.7865 0.165757 0.235837 -0.704664 0.709541 -0
11.205 3.21784 -18.0471 0.169547 0.55918 -0.704668 0.709538 -0
10.9589 2.9734 -18.0471 0.14446 0.235837 -0.704664 -0.709541 -0
11.205 2.72896 14.7865 0.148251 0.55918 -0.704667 -0.709538 -0
10.9589 2.9734 14.7865 0.14446 0.55918 -0.704668 -0.709538 -0
11.205 2.72896 -18.0471 0.148251 0.235837 -0.704664 -0.709541 -0
11.205 2.72896 14.7865 0.148251 0.55918 -0.704667 -0.709538 -0
10.9589 2.9734 -18.0471 0.14446 0.235837 -0.704664 -0.709541 -0
11.205 2.72896 -18.0471 0.148251 0.235837 0 -1 -0
11.6973 2.72896 14.7865 0.155831 0.55918 0 -1 -0
11.205 2.72896 14.7865 0.148251 0.55918 0 -1 -0
11.6973 2.72896 -18.0471 0.155831 0.235837 0 -1 -0
11.6973 2.72896 14.7865 0.155831 0.55918 0 -1 -0
11.205 2.72896 -18.0471 0.148251 0.235837 0 -1 -0
11.6973 2.72896 -18.0471 0.155831 0.235837 0.704664 -0.709541 -0
11.9434 2.9734 14.7865 0.159622 0.55918 0.704667 -0.709538 -0
11.6973 2.72896 14.7865 0.155831 0.55918 0.704668 -0.709538 -0
11.9434 2.9734 -18.0471 0.159622 0.235837 0.704664 -0.709541 -0
11.9434 2.9734 14.7865 0.159622 0.55918 0.704667 -0.709538 -0
11.6973 2.72896 -18.0471 0.155831 0.235837 0.704664 -0.709541 -0
11.9434 2.9734 -18.0471 0.180918 0.55918 0.704667 0.709538 -0
11.6973 3.21784 14.7865 0.177128 0.235837 0.704664 0.709541 -0
11.9434 2.9734 14.7865 0.180918 0.235837 0.704664 0.709541 -0
11.6973 3.21784 -18.0471 0.177128 0.55918 0.704667 0.709538 -0
11.6973 3.21784 14.7865 0.177128 0.235837 0.704664 0.709541 -0
11.9434 2.9734 -18.0471 0.180918 0.55918 0.704667 0.709538 -0
11.4512 2.9734 14.7865 0.875851 0.093486 0 0 1
11.6973 3.21784 14.7865 0.869286 0.097276 0 0 1
11.205 3.21784 14.7865 0.869286 0.089696 0 0 1
11.4512 2.9734 14.7865 0.875851 0.093486 0 0 1
11.205 3.21784 14.7865 0.869286 0.089696 0 0 1
10.9589 2.9734 14.7865 0.875851 0.085905 0 0 1
11.4512 2.9734 14.7865 0.875851 0.093486 0 0 1
10.9589 2.9734 14.7865 0.875851 0.085905 0 0 1
11.205 2.72896 14.7865 0.882416 0.089696 0 0 1
11.4512 2.9734 14.7865 0.875851 0.093486 0 0 1
11.205 2.72896 14.7865 0.882416 0.089696 0 0 1
11.6973 2.72896 14.7865 0.882416 0.097276 0 0 1
11.4512 2.9734 14.7865 0.875851 0.093486 0 0 1
11.6973 2.72896 14.7865 0.882416 0.097276 0 0 1
11.9434 2.9734 14.7865 0.875851 0.101067 0 0 1
11.4512 2.9734 14.7865 0.875851 0.093486 0 0 1
11.9434 2.9734 14.7865 0.875851 0.101067 0 0 1
11.6973 3.21784 14.7865 0.869286 0.097276 0 0 1
11.4512 2.9734 -18.0471 0.856585 0.095903 0 0 -1
11.205 3.21784 -18.0471 0.86315 0.092112 0 0 -1
11.6973 3.21784 -18.0471 0.86315 0.099693 0 0 -1
11.4512 2.9734 -18.0471 0.856585 0.095903 0 0 -1
10.9589 2.9734 -18.0471 0.856585 0.088322 0 0 -1
11.205 3.21784 -18.0471 0.86315 0.092112 0 0 -1
11.4512 2.9734 -18.0471 0.856585 0.095903 0 0 -1
11.205 2.72896 -18.0471 0.85002 0.092112 0 0 -1
10.9589 2.9734 -18.0471 0.856585 0.088322 0 0 -1
11.4512 2.9734 -18.0471 0.856585 0.095903 0 0 -1
11.6973 2.72896 -18.0471 0.85002 0.099693 0 0 -1
11.205 2.72896 -18.0471 0.85002 0.092112 0 0 -1
11.4512 2.9734 -18.0471 0.856585 0.095903 0 0 -1
11.9434 2.9734 -18.0471 0.856585 0.103483 0 0 -1
11.6973 2.72896 -18.0471 0.85002 0.099693 0 0 -1
11.4512 2.9734 -18.0471 0.856585 0.095903 0 0 -1
11.6973 3.21784 -18.0471 0.86315 0.099693 0 0 -1
11.9434 2.9734 -18.0471 0.856585 0.103483 0 0 -1
11.6973 4.83486 -18.0471 0.134535 0.55918 1e-006 1 -0
11.205 4.83486 14.7865 0.126954 0.235837 1e-006 1 -0
11.6973 4.83486 14.7865 0.134535 0.235837 1e-006 1 -0
11.205 4.83486 -18.0471 0.126954 0.55918 1e-006 1 -0
11.205 4.83486 14.7865 0.126954 0.235837 1e-006 1 -0
11.6973 4.83486 -18.0471 0.134535 0.55918 1e-006 1 -0
11.205 4.83486 -18.0471 0.126954 0.55918 -0.704668 0.709538 -0
10.9589 4.59042 14.7865 0.123164 0.235837 -0.704664 0.709541 -0
11.205 4.83486 14.7865 0.126954 0.235837 -0.704664 0.709541 -0
10.9589 4.59042 -18.0471 0.123164 0.55918 -0.704668 0.709538 -0
10.9589 4.59042 14.7865 0.123164 0.235837 -0.704664 0.709541 -0
11.205 4.83486 -18.0471 0.126954 0.55918 -0.704668 0.709538 -0
10.9589 4.59042 -18.0471 0.101868 0.235837 -0.704664 -0.709541 -0
11.205 4.34598 14.7865 0.105658 0.55918 -0.704667 -0.709538 -0
10.9589 4.59042 14.7865 0.101868 0.55918 -0.704668 -0.709538 -0
11.205 4.34598 -18.0471 0.105658 0.235837 -0.704664 -0.709541 -0
11.205 4.34598 14.7865 0.105658 0.55918 -0.704667 -0.709538 -0
10.9589 4.59042 -18.0471 0.101868 0.235837 -0.704664 -0.709541 -0
11.205 4.34598 -18.0471 0.105658 0.235837 0 -1 -0
11.6973 4.34598 14.7865 0.113238 0.55918 0 -1 -0
11.205 4.34598 14.7865 0.105658 0.55918 0 -1 -0
11.6973 4.34598 -18.0471 0.113238 0.235837 0 -1 -0
11.6973 4.34598 14.7865 0.113238 0.55918 0 -1 -0
11.205 4.34598 -18.0471 0.105658 0.235837 0 -1 -0
11.6973 4.34598 -18.0471 0.113238 0.235837 0.704664 -0.709541 -0
11.9434 4.59042 14.7865 0.117029 0.55918 0.704667 -0.709538 -0
11.6973 4.34598 14.7865 0.113238 0.55918 0.704668 -0.709538 -0
11.9434 4.59042 -18.0471 0.117029 0.235837 0.704664 -0.709541 -0
11.9434 4.59042 14.7865 0.117029 0.55918 0.704667 -0.709538 -0
11.6973 4.34598 -18.0471 0.113238 0.235837 0.704664 -0.709541 -0
11.9434 4.59042 -18.0471 0.138325 0.55918 0.704667 0.709538 -0
11.6973 4.83486 14.7865 0.134535 0.235837 0.704664 0.709541 -0
11.9434 4.59042 14.7865 0.138325 0.235837 0.704664 0.709541 -0
11.6973 4.83486 -18.0471 0.134535 0.55918 0.704667 0.709538 -0
11.6973 4.83486 14.7865 0.134535 0.235837 0.704664 0.709541 -0
11.9434 4.59042 -18.0471 0.138325 0.55918 0.704667 0.709538 -0
11.4512 4.59042 14.7865 0.83732 0.076041 0 0 1
11.6973 4.83486 14.7865 0.830755 0.079831 0 0 1
11.205 4.83486 14.7865 0.830755 0.072251 0 0 1
11.4512 4.59042 14.7865 0.83732 0.076041 0 0 1
11.205 4.83486 14.7865 0.830755 0.072251 0 0 1
10.9589 4.59042 14.7865 0.83732 0.06846 0 0 1
11.4512 4.59042 14.7865 0.83732 0.076041 0 0 1
10.9589 4.59042 14.7865 0.83732 0.06846 0 0 1
11.205 4.34598 14.7865 0.843885 0.072251 0 0 1
11.4512 4.59042 14.7865 0.83732 0.076041 0 0 1
11.205 4.34598 14.7865 0.843885 0.072251 0 0 1
11.6973 4.34598 14.7865 0.843885 0.079831 0 0 1
11.4512 4.59042 14.7865 0.83732 0.076041 0 0 1
11.6973 4.34598 14.7865 0.843885 0.079831 0 0 1
11.9434 4.59042 14.7865 0.83732 0.083622 0 0 1
11.4512 4.59042 14.7865 0.83732 0.076041 0 0 1
11.9434 4.59042 14.7865 0.83732 0.083622 0 0 1
11.6973 4.83486 14.7865 0.830755 0.079831 0 0 1
11.4512 4.59042 -18.0471 0.818055 0.076041 0 0 -1
11.205 4.83486 -18.0471 0.82462 0.072251 0 0 -1
11.6973 4.83486 -18.0471 0.82462 0.079831 0 0 -1
11.4512 4.59042 -18.0471 0.818055 0.076041 0 0 -1
10.9589 4.59042 -18.0471 0.818055 0.06846 0 0 -1
11.205 4.83486 -18.0471 0.82462 0.072251 0 0 -1
11.4512 4.59042 -18.0471 0.818055 0.076041 0 0 -1
11.205 4.34598 -18.0471 0.81149 0.072251 0 0 -1
10.9589 4.59042 -18.0471 0.818055 0.06846 0 0 -1
11.4512 4.59042 -18.0471 0.818055 0.076041 0 0 -1
11.6973 4.34598 -18.0471 0.81149 0.079831 0 0 -1
11.205 4.34598 -18.0471 0.81149 0.072251 0 0 -1
11.4512 4.59042 -18.0471 0.818055 0.076041 0 0 -1
11.9434 4.59042 -18.0471 0.818055 0.083622 0 0 -1
11.6973 4.34598 -18.0471 0.81149 0.079831 0 0 -1
11.4512 4.59042 -18.0471 0.818055 0.076041 0 0 -1
11.6973 4.83486 -18.0471 0.82462 0.079831 0 0 -1
11.9434 4.59042 -18.0471 0.818055 0.083622 0 0 -1
11.6973 6.36678 -18.0471 0.091942 0.55918 0 1 -0
11.205 6.36678 14.7865 0.084361 0.235837 0 1 -0
11.6973 6.36678 14.7865 0.091942 0.235837 0 1 -0
11.205 6.36678 -18.0471 0.084361 0.55918 0 1 -0
11.205 6.36678 14.7865 0.084361 0.235837 0 1 -0
11.6973 6.36678 -18.0471 0.091942 0.55918 0 1 -0
11.205 6.36678 -18.0471 0.084361 0.55918 -0.704668 0.709538 -0
10.9589 6.12234 14.7865 0.080571 0.235837 -0.704664 0.709541 -0
11.205 6.36678 14.7865 0.084361 0.235837 -0.704664 0.709541 -0
10.9589 6.12234 -18.0471 0.080571 0.55918 -0.704668 0.709538 -0
10.9589 6.12234 14.7865 0.080571 0.235837 -0.704664 0.709541 -0
11.205 6.36678 -18.0471 0.084361 0.55918 -0.704668 0.709538 -0
10.9589 6.12234 -18.0471 0.059274 0.235837 -0.704664 -0.709541 -0
11.205 5.87789 14.7865 0.063065 0.55918 -0.704667 -0.709538 -0
10.9589 6.12234 14.7865 0.059274 0.55918 -0.704668 -0.709538 -0
11.205 5.87789 -18.0471 0.063065 0.235837 -0.704664 -0.709541 -0
11.205 5.87789 14.7865 0.063065 0.55918 -0.704667 -0.709538 -0
10.9589 6.12234 -18.0471 0.059274 0.235837 -0.704664 -0.709541 -0
11.205 5.87789 -18.0471 0.063065 0.235837 0 -1 -0
11.6973 5.87789 14.7865 0.070645 0.55918 0 -1 -0
11.205 5.87789 14.7865 0.063065 0.55918 0 -1 -0
11.6973 5.87789 -18.0471 0.070645 0.235837 0 -1 -0
11.6973 5.87789 14.7865 0.070645 0.55918 0 -1 -0
11.205 5.87789 -18.0471 0.063065 0.235837 0 -1 -0
11.6973 5.87789 -18.0471 0.070645 0.235837 0.704664 -0.709541 -0
11.9434 6.12234 14.7865 0.074436 0.55918 0.704667 -0.709538 -0
11.6973 5.87789 14.7865 0.070645 0.55918 0.704668 -0.709538 -0
11.9434 6.12234 -18.0471 0.074436 0.235837 0.704664 -0.709541 -0
11.9434 6.12234 14.7865 0.074436 0.55918 0.704667 -0.709538 -0
11.6973 5.87789 -18.0471 0.070645 0.235837 0.704664 -0.709541 -0
11.9434 6.12234 -18.0471 0.095732 0.55918 0.704668 0.709538 -0
11.6973 6.36678 14.7865 0.091942 0.235837 0.704664 0.709541 -0
11.9434 6.12234 14.7865 0.095732 0.235837 0.704664 0.709541 -0
11.6973 6.36678 -18.0471 0.091942 0.55918 0.704668 0.709538 -0
11.6973 6.36678 14.7865 0.091942 0.235837 0.704664 0.709541 -0
11.9434 6.12234 -18.0471 0.095732 0.55918 0.704668 0.709538 -0
11.4512 6.12234 14.7865 0.798789 0.076041 0 0 1
11.6973 6.36678 14.7865 0.792224 0.079831 0 0 1
11.205 6.36678 14.7865 0.792224 0.072251 0 0 1
11.4512 6.12234 14.7865 0.798789 0.076041 0 0 1
11.205 6.36678 14.7865 0.792224 0.072251 0 0 1
10.9589 6.12234 14.7865 0.798789 0.06846 0 0 1
11.4512 6.12234 14.7865 0.798789 0.076041 0 0 1
10.9589 6.12234 14.7865 0.798789 0.06846 0 0 1
11.205 5.87789 14.7865 0.805354 0.072251 0 0 1
11.4512 6.12234 14.7865 0.798789 0.076041 0 0 1
11.205 5.87789 14.7865 0.805354 0.072251 0 0 1
11.6973 5.87789 14.7865 0.805354 0.079831 0 0 1
11.4512 6.12234 14.7865 0.798789 0.076041 0 0 1
11.6973 5.87789 14.7865 0.805354 0.079831 0 0 1
11.9434 6.12234 14.7865 0.798789 0.083622 0 0 1
11.4512 6.12234 14.7865 0.798789 0.076041 0 0 1
11.9434 6.12234 14.7865 0.798789 0.083622 0 0 1
11.6973 6.36678 14.7865 0.792224 0.079831 0 0 1
11.4512 6.12234 -18.0471 0.779524 0.076041 0 0 -1
11.205 6.36678 -18.0471 0.786089 0.072251 0 0 -1
11.6973 6.36678 -18.0471 0.786089 0.079831 0 0 -1
11.4512 6.12234 -18.0471 0.779524 0.076041 0 0 -1
10.9589 6.12234 -18.0471 0.779524 0.06846 0 0 -1
11.205 6.36678 -18.0471 0.786089 0.072251 0 0 -1
11.4512 6.12234 -18.0471 0.779524 0.076041 0 0 -1
11.205 5.87789 -18.0471 0.772959 0.072251 0 0 -1
10.9589 6.12234 -18.0471 0.779524 0.06846 0 0 -1
11.4512 6.12234 -18.0471 0.779524 0.076041 0 0 -1
11.6973 5.87789 -18.0471 0.772959 0.079831 0 0 -1
11.205 5.87789 -18.0471 0.772959 0.072251 0 0 -1
11.4512 6.12234 -18.0471 0.779524 0.076041 0 0 -1
11.9434 6.12234 -18.0471 0.779524 0.083622 0 0 -1
11.6973 5.87789 -18.0471 0.772959 0.079831 0 0 -1
11.4512 6.12234 -18.0471 0.779524 0.076041 0 0 -1
11.6973 6.36678 -18.0471 0.786089 0.079831 0 0 -1
11.9434 6.12234 -18.0471 0.779524 0.083622 0 0 -1
-10.5108 6.68582 17.448 0.401151 0.231846 0.54364 0 0.839319
-11.3149 1.9037 17.9688 0.388768 0.103412 0.543639 0 0.839319
-10.5108 1.9037 17.448 0.401151 0.103412 0.543639 0 0.839319
-11.3149 6.68582 17.9688 0.388768 0.231846 0.54364 0 0.839319
-11.3149 1.9037 17.9688 0.388768 0.103412 0.543639 0 0.839319
-10.5108 6.68582 17.448 0.401151 0.231846 0.54364 0 0.839319
-11.3149 6.68582 17.9688 0.388768 0.231846 -0.54364 0 0.839319
-12.119 1.9037 17.448 0.376386 0.103412 -0.543639 0 0.839319
-11.3149 1.9037 17.9688 0.388768 0.103412 -0.543639 0 0.839319
-12.119 6.68582 17.448 0.376386 0.231846 -0.54364 0 0.839319
-12.119 1.9037 17.448 0.376386 0.103412 -0.543639 0 0.839319
-11.3149 6.68582 17.9688 0.388768 0.231846 -0.54364 0 0.839319
-12.119 6.68582 17.448 0.001992 0.103412 -0.966661 0 0.256058
-12.4521 1.9037 16.1906 0.014374 0.231846 -0.966661 0 0.256058
-12.119 1.9037 17.448 0.001992 0.231846 -0.966661 0 0.256058
-12.4521 6.68582 16.1906 0.014374 0.103412 -0.966661 0 0.256058
-12.4521 1.9037 16.1906 0.014374 0.231846 -0.966661 0 0.256058
-12.119 6.68582 17.448 0.001992 0.103412 -0.966661 0 0.256058
-12.4521 6.68582 16.1906 0.014374 0.103412 -0.966661 0 -0.256058
-12.119 1.9037 14.9332 0.026757 0.231846 -0.966661 0 -0.256059
-12.4521 1.9037 16.1906 0.014374 0.231846 -0.966661 0 -0.256059
-12.119 6.68582 14.9332 0.026757 0.103412 -0.966661 0 -0.256058
-12.119 1.9037 14.9332 0.026757 0.231846 -0.966661 0 -0.256059
-12.4521 6.68582 16.1906 0.014374 0.103412 -0.966661 0 -0.256058
-12.119 6.68582 14.9332 0.03337 0.103412 -0.54364 0 -0.839319
-11.3149 1.9037 14.4124 0.045753 0.231846 -0.543639 0 -0.839319
-12.119 1.9037 14.9332 0.03337 0.231846 -0.543639 0 -0.839319
-11.3149 6.68582 14.4124 0.045753 0.103412 -0.54364 0 -0.839319
-11.3149 1.9037 14.4124 0.045753 0.231846 -0.543639 0 -0.839319
-12.119 6.68582 14.9332 0.03337 0.103412 -0.54364 0 -0.839319
-11.3149 6.68582 14.4124 0.045753 0.103412 0.54364 0 -0.839319
-10.5108 1.9037 14.9332 0.058135 0.231846 0.543639 0 -0.839319
-11.3149 1.9037 14.4124 0.045753 0.231846 0.543639 0 -0.839319
-10.5108 6.68582 14.9332 0.058135 0.103412 0.54364 0 -0.839319
-10.5108 1.9037 14.9332 0.058135 0.231846 0.543639 0 -0.839319
-11.3149 6.68582 14.4124 0.045753 0.103412 0.54364 0 -0.839319
-10.5108 6.68582 14.9332 0.064553 0.103412 0.966661 0 -0.256059
-10.1778 1.9037 16.1906 0.076936 0.231846 0.966661 0 -0.256058
-10.5108 1.9037 14.9332 0.064553 0.231846 0.966661 0 -0.256058
-10.1778 6.68582 16.1906 0.076936 0.103412 0.966661 0 -0.256059
-10.1778 1.9037 16.1906 0.076936 0.231846 0.966661 0 -0.256058
-10.5108 6.68582 14.9332 0.064553 0.103412 0.966661 0 -0.256059
-10.1778 6.68582 16.1906 0.076936 0.103412 0.966661 0 0.256058
-10.5108 1.9037 17.448 0.089318 0.231846 0.966661 0 0.256058
-10.1778 1.9037 16.1906 0.076936 0.231846 0.966661 0 0.256058
-10.5108 6.68582 17.448 0.089318 0.103412 0.966661 0 0.256058
-10.5108 1.9037 17.448 0.089318 0.231846 0.966661 0 0.256058
-10.1778 6.68582 16.1906 0.076936 0.103412 0.966661 0 0.256058
-11.3149 1.9037 16.1906 0.561507 0.214334 0 -1 -0
-10.5108 1.9037 17.448 0.573889 0.226716 0 -1 -0
-11.3149 1.9037 17.9688 0.561507 0.231845 0 -1 -0
-11.3149 1.9037 16.1906 0.561507 0.214334 0 -1 -0
-11.3149 1.9037 17.9688 0.561507 0.231845 0 -1 -0
-12.119 1.9037 17.448 0.549125 0.226716 0 -1 -0
-11.3149 1.9037 16.1906 0.561507 0.214334 0 -1 -0
-12.119 1.9037 17.448 0.549125 0.226716 0 -1 -0
-12.4521 1.9037 16.1906 0.543996 0.214334 0 -1 -0
-11.3149 1.9037 16.1906 0.561507 0.214334 0 -1 -0
-12.4521 1.9037 16.1906 0.543996 0.214334 0 -1 -0
-12.119 1.9037 14.9332 0.549125 0.201952 0 -1 0
-11.3149 1.9037 16.1906 0.561507 0.214334 0 -1 -0
-12.119 1.9037 14.9332 0.549125 0.201952 0 -1 0
-11.3149 1.9037 14.4124 0.561507 0.196823 0 -1 -0
-11.3149 1.9037 16.1906 0.561507 0.214334 0 -1 -0
-11.3149 1.9037 14.4124 0.561507 0.196823 0 -1 -0
-10.5108 1.9037 14.9332 0.573889 0.201952 0 -1 0
-11.3149 1.9037 16.1906 0.561507 0.214334 0 -1 -0
-10.5108 1.9037 14.9332 0.573889 0.201952 0 -1 0
-10.1778 1.9037 16.1906 0.579018 0.214334 0 -1 0
-11.3149 1.9037 16.1906 0.561507 0.214334 0 -1 -0
-10.1778 1.9037 16.1906 0.579018 0.214334 0 -1 0
-10.5108 1.9037 17.448 0.573889 0.226716 0 -1 -0
-11.3149 6.68582 16.1906 0.733015 0.105124 0 1 -0
-11.3149 6.68582 17.9688 0.750526 0.105124 0 1 -0
-10.5108 6.68582 17.448 0.745397 0.117507 0 1 -0
-11.3149 6.68582 16.1906 0.733015 0.105124 0 1 -0
-12.119 6.68582 17.448 0.745397 0.092742 0 1 -0
-11.3149 6.68582 17.9688 0.750526 0.105124 0 1 -0
-11.3149 6.68582 16.1906 0.733015 0.105124 0 1 -0
-12.4521 6.68582 16.1906 0.733015 0.087613 0 1 -0
-12.119 6.68582 17.448 0.745397 0.092742 0 1 -0
-11.3149 6.68582 16.1906 0.733015 0.105124 0 1 -0
-12.119 6.68582 14.9332 0.720632 0.092742 0 1 -0
-12.4521 6.68582 16.1906 0.733015 0.087613 0 1 -0
-11.3149 6.68582 16.1906 0.733015 0.105124 0 1 -0
-11.3149 6.68582 14.4124 0.715503 0.105124 0 1 -0
-12.119 6.68582 14.9332 0.720632 0.092742 0 1 -0
-11.3149 6.68582 16.1906 0.733015 0.105124 0 1 -0
-10.5108 6.68582 14.9332 0.720632 0.117507 0 1 -0
-11.3149 6.68582 14.4124 0.715503 0.105124 0 1 -0
-11.3149 6.68582 16.1906 0.733015 0.105124 0 1 -0
-10.1778 6.68582 16.1906 0.733015 0.122636 0 1 -0
-10.5108 6.68582 14.9332 0.720632 0.117507 0 1 -0
-11.3149 6.68582 16.1906 0.733015 0.105124 0 1 -0
-10.5108 6.68582 17.448 0.745397 0.117507 0 1 -0
-10.1778 6.68582 16.1906 0.733015 0.122636 0 1 -0
12.272 6.68582 17.448 0.432334 0.231846 0.54364 0 0.839319
11.4679 1.9037 17.9688 0.419951 0.103412 0.543639 0 0.839319
12.272 1.9037 17.448 0.432334 0.103412 0.543639 0 0.839319
11.4679 6.68582 17.9688 0.419951 0.231846 0.54364 0 0.839319
11.4679 1.9037 17.9688 0.419951 0.103412 0.543639 0 0.839319
12.272 6.68582 17.448 0.432334 0.231846 0.54364 0 0.839319
11.4679 6.68582 17.9688 0.419951 0.231846 -0.54364 0 0.839319
10.6639 1.9037 17.448 0.407569 0.103412 -0.543639 0 0.839319
11.4679 1.9037 17.9688 0.419951 0.103412 -0.543639 0 0.839319
10.6639 6.68582 17.448 0.407569 0.231846 -0.54364 0 0.839319
10.6639 1.9037 17.448 0.407569 0.103412 -0.543639 0 0.839319
11.4679 6.68582 17.9688 0.419951 0.231846 -0.54364 0 0.839319
10.6639 6.68582 17.448 0.095737 0.103412 -0.966661 0 0.256058
10.3308 1.9037 16.1906 0.108119 0.231846 -0.966661 0 0.256058
10.6639 1.9037 17.448 0.095737 0.231846 -0.966661 0 0.256058
10.3308 6.68582 16.1906 0.108119 0.103412 -0.966661 0 0.256058
10.3308 1.9037 16.1906 0.108119 0.231846 -0.966661 0 0.256058
10.6639 6.68582 17.448 0.095737 0.103412 -0.966661 0 0.256058
10.3308 6.68582 16.1906 0.108119 0.103412 -0.966661 0 -0.256058
10.6639 1.9037 14.9332 0.120501 0.231846 -0.966661 0 -0.256059
10.3308 1.9037 16.1906 0.108119 0.231846 -0.966661 0 -0.256059
10.6639 6.68582 14.9332 0.120501 0.103412 -0.966661 0 -0.256058
10.6639 1.9037 14.9332 0.120501 0.231846 -0.966661 0 -0.256059
10.3308 6.68582 16.1906 0.108119 0.103412 -0.966661 0 -0.256058
10.6639 6.68582 14.9332 0.12692 0.103412 -0.54364 0 -0.839319
11.4679 1.9037 14.4124 0.139302 0.231846 -0.543639 0 -0.839319
10.6639 1.9037 14.9332 0.12692 0.231846 -0.543639 0 -0.839319
11.4679 6.68582 14.4124 0.139302 0.103412 -0.54364 0 -0.839319
11.4679 1.9037 14.4124 0.139302 0.231846 -0.543639 0 -0.839319
10.6639 6.68582 14.9332 0.12692 0.103412 -0.54364 0 -0.839319
11.4679 6.68582 14.4124 0.139302 0.103412 0.54364 0 -0.839319
12.272 1.9037 14.9332 0.151685 0.231846 0.543639 0 -0.839319
11.4679 1.9037 14.4124 0.139302 0.231846 0.543639 0 -0.839319
12.272 6.68582 14.9332 0.151685 0.103412 0.54364 0 -0.839319
12.272 1.9037 14.9332 0.151685 0.231846 0.543639 0 -0.839319
11.4679 6.68582 14.4124 0.139302 0.103412 0.54364 0 -0.839319
12.272 6.68582 14.9332 0.158103 0.103412 0.966661 0 -0.256059
12.6051 1.9037 16.1906 0.170485 0.231846 0.966661 0 -0.256058
12.272 1.9037 14.9332 0.158103 0.231846 0.966661 0 -0.256058
12.6051 6.68582 16.1906 0.170485 0.103412 0.966661 0 -0.256059
12.6051 1.9037 16.1906 0.170485 0.231846 0.966661 0 -0.256058
12.272 6.68582 14.9332 0.158103 0.103412 0.966661 0 -0.256059
12.6051 6.68582 16.1906 0.170485 0.103412 0.966661 0 0.256058
12.272 1.9037 17.448 0.182868 0.231846 0.966661 0 0.256058
12.6051 1.9037 16.1906 0.170485 0.231846 0.966661 0 0.256058
12.272 6.68582 17.448 0.182868 0.103412 0.966661 0 0.256058
12.272 1.9037 17.448 0.182868 0.231846 0.966661 0 0.256058
12.6051 6.68582 16.1906 0.170485 0.103412 0.966661 0 0.256058
11.4679 1.9037 16.1906 0.604384 0.214334 0 -1 -0
12.272 1.9037 17.448 0.616766 0.226716 0 -1 -0
11.4679 1.9037 17.9688 0.604384 0.231845 0 -1 -0
11.4679 1.9037 16.1906 0.604384 0.214334 0 -1 -0
11.4679 1.9037 17.9688 0.604384 0.231845 0 -1 -0
10.6639 1.9037 17.448 0.592001 0.226716 0 -1 -0
11.4679 1.9037 16.1906 0.604384 0.214334 0 -1 -0
10.6639 1.9037 17.448 0.592001 0.226716 0 -1 -0
10.3308 1.9037 16.1906 0.586873 0.214334 0 -1 -0
11.4679 1.9037 16.1906 0.604384 0.214334 0 -1 -0
10.3308 1.9037 16.1906 0.586873 0.214334 0 -1 -0
10.6639 1.9037 14.9332 0.592001 0.201952 0 -1 0
11.4679 1.9037 16.1906 0.604384 0.214334 0 -1 -0
10.6639 1.9037 14.9332 0.592001 0.201952 0 -1 0
11.4679 1.9037 14.4124 0.604384 0.196823 0 -1 -0
11.4679 1.9037 16.1906 0.604384 0.214334 0 -1 -0
11.4679 1.9037 14.4124 0.604384 0.196823 0 -1 -0
12.272 1.9037 14.9332 0.616766 0.201952 0 -1 0
11.4679 1.9037 16.1906 0.604384 0.214334 0 -1 -0
12.272 1.9037 14.9332 0.616766 0.201952 0 -1 0
12.6051 1.9037 16.1906 0.621895 0.214334 0 -1 0
11.4679 1.9037 16.1906 0.604384 0.214334 0 -1 -0
12.6051 1.9037 16.1906 0.621895 0.214334 0 -1 0
12.272 1.9037 17.448 0.616766 0.226716 0 -1 -0
11.4679 6.68582 16.1906 0.51863 0.214334 0 1 -0
11.4679 6.68582 17.9688 0.536141 0.214334 0 1 -0
12.272 6.68582 17.448 0.531013 0.226716 0 1 -0
11.4679 6.68582 16.1906 0.51863 0.214334 0 1 -0
10.6639 6.68582 17.448 0.531013 0.201952 0 1 -0
11.4679 6.68582 17.9688 0.536141 0.214334 0 1 -0
11.4679 6.68582 16.1906 0.51863 0.214334 0 1 -0
10.3308 6.68582 16.1906 0.51863 0.196823 0 1 -0
10.6639 6.68582 17.448 0.531013 0.201952 0 1 -0
11.4679 6.68582 16.1906 0.51863 0.214334 0 1 -0
10.6639 6.68582 14.9332 0.506248 0.201952 0 1 -0
10.3308 6.68582 16.1906 0.51863 0.196823 0 1 -0
11.4679 6.68582 16.1906 0.51863 0.214334 0 1 -0
11.4679 6.68582 14.4124 0.501119 0.214334 0 1 -0
10.6639 6.68582 14.9332 0.506248 0.201952 0 1 -0
11.4679 6.68582 16.1906 0.51863 0.214334 0 1 -0
12.272 6.68582 14.9332 0.506248 0.226716 0 1 -0
11.4679 6.68582 14.4124 0.501119 0.214334 0 1 -0
11.4679 6.68582 16.1906 0.51863 0.214334 0 1 -0
12.6051 6.68582 16.1906 0.51863 0.231845 0 1 -0
12.272 6.68582 14.9332 0.506248 0.226716 0 1 -0
11.4679 6.68582 16.1906 0.51863 0.214334 0 1 -0
12.272 6.68582 17.448 0.531013 0.226716 0 1 -0
12.6051 6.68582 16.1906 0.51863 0.231845 0 1 -0
-10.5108 6.68582 -18.3371 0.463517 0.231845 0.543638 0 0.83932
-11.3149 1.9037 -17.8163 0.451135 0.103412 0.543639 0 0.839319
-10.5108 1.9037 -18.3371 0.463517 0.103412 0.543639 0 0.839319
-11.3149 6.68582 -17.8163 0.451135 0.231845 0.543638 0 0.83932
-11.3149 1.9037 -17.8163 0.451135 0.103412 0.543639 0 0.839319
-10.5108 6.68582 -18.3371 0.463517 0.231845 0.543638 0 0.83932
-11.3149 6.68582 -17.8163 0.451135 0.231845 -0.543639 0 0.839319
-12.119 1.9037 -18.3371 0.438752 0.103412 -0.543638 0 0.83932
-11.3149 1.9037 -17.8163 0.451135 0.103412 -0.543638 0 0.83932
-12.119 6.68582 -18.3371 0.438752 0.231845 -0.54364 0 0.839319
-12.119 1.9037 -18.3371 0.438752 0.103412 -0.543638 0 0.83932
-11.3149 6.68582 -17.8163 0.451135 0.231845 -0.543639 0 0.839319
-12.119 6.68582 -18.3371 0.189286 0.103412 -0.966661 0 0.256058
-12.4521 1.9037 -19.5945 0.201669 0.231846 -0.966661 0 0.256058
-12.119 1.9037 -18.3371 0.189286 0.231846 -0.966661 0 0.256058
-12.4521 6.68582 -19.5945 0.201669 0.103412 -0.966661 0 0.256058
-12.4521 1.9037 -19.5945 0.201669 0.231846 -0.966661 0 0.256058
-12.119 6.68582 -18.3371 0.189286 0.103412 -0.966661 0 0.256058
-12.4521 6.68582 -19.5945 0.201669 0.103412 -0.966662 0 -0.256057
-12.119 1.9037 -20.8519 0.214051 0.231846 -0.966661 0 -0.256058
-12.4521 1.9037 -19.5945 0.201669 0.231846 -0.966661 0 -0.256059
-12.119 6.68582 -20.8519 0.214051 0.103412 -0.966662 0 -0.256057
-12.119 1.9037 -20.8519 0.214051 0.231846 -0.966661 0 -0.256058
-12.4521 6.68582 -19.5945 0.201669 0.103412 -0.966662 0 -0.256057
-12.119 6.68582 -20.8519 0.22047 0.103412 -0.54364 0 -0.839319
-11.3149 1.9037 -21.3727 0.232852 0.231846 -0.543639 0 -0.839319
-12.119 1.9037 -20.8519 0.22047 0.231846 -0.543639 0 -0.839319
-11.3149 6.68582 -21.3727 0.232852 0.103412 -0.54364 0 -0.839319
-11.3149 1.9037 -21.3727 0.232852 0.231846 -0.543639 0 -0.839319
-12.119 6.68582 -20.8519 0.22047 0.103412 -0.54364 0 -0.839319
-11.3149 6.68582 -21.3727 0.232852 0.103412 0.54364 0 -0.839319
-10.5108 1.9037 -20.8519 0.245234 0.231846 0.543639 0 -0.839319
-11.3149 1.9037 -21.3727 0.232852 0.231846 0.543639 0 -0.839319
-10.5108 6.68582 -20.8519 0.245234 0.103412 0.54364 0 -0.839319
-10.5108 1.9037 -20.8519 0.245234 0.231846 0.543639 0 -0.839319
-11.3149 6.68582 -21.3727 0.232852 0.103412 0.54364 0 -0.839319
-10.5108 6.68582 -20.8519 0.251653 0.103412 0.966661 0 -0.256059
-10.1778 1.9037 -19.5945 0.264035 0.231846 0.966662 0 -0.256057
-10.5108 1.9037 -20.8519 0.251653 0.231846 0.966662 0 -0.256057
-10.1778 6.68582 -19.5945 0.264035 0.103412 0.966661 0 -0.256059
-10.1778 1.9037 -19.5945 0.264035 0.231846 0.966662 0 -0.256057
-10.5108 6.68582 -20.8519 0.251653 0.103412 0.966661 0 -0.256059
-10.1778 6.68582 -19.5945 0.264035 0.103412 0.966661 0 0.256058
-10.5108 1.9037 -18.3371 0.276418 0.231846 0.966661 0 0.256058
-10.1778 1.9037 -19.5945 0.264035 0.231846 0.966661 0 0.256058
-10.5108 6.68582 -18.3371 0.276418 0.103412 0.966661 0 0.256058
-10.5108 1.9037 -18.3371 0.276418 0.231846 0.966661 0 0.256058
-10.1778 6.68582 -19.5945 0.264035 0.103412 0.966661 0 0.256058
-11.3149 1.9037 -19.5945 0.647261 0.105124 0 -1 -0
-10.5108 1.9037 -18.3371 0.659643 0.117507 0 -1 -0
-11.3149 1.9037 -17.8163 0.647261 0.122636 0 -1 -0
-11.3149 1.9037 -19.5945 0.647261 0.105124 0 -1 -0
-11.3149 1.9037 -17.8163 0.647261 0.122636 0 -1 -0
-12.119 1.9037 -18.3371 0.634879 0.117507 0 -1 -0
-11.3149 1.9037 -19.5945 0.647261 0.105124 0 -1 -0
-12.119 1.9037 -18.3371 0.634879 0.117507 0 -1 -0
-12.4521 1.9037 -19.5945 0.62975 0.105124 0 -1 -0
-11.3149 1.9037 -19.5945 0.647261 0.105124 0 -1 -0
-12.4521 1.9037 -19.5945 0.62975 0.105124 0 -1 -0
-12.119 1.9037 -20.8519 0.634879 0.092742 0 -1 0
-11.3149 1.9037 -19.5945 0.647261 0.105124 0 -1 -0
-12.119 1.9037 -20.8519 0.634879 0.092742 0 -1 0
-11.3149 1.9037 -21.3727 0.647261 0.087613 0 -1 -0
-11.3149 1.9037 -19.5945 0.647261 0.105124 0 -1 -0
-11.3149 1.9037 -21.3727 0.647261 0.087613 0 -1 -0
-10.5108 1.9037 -20.8519 0.659643 0.092742 0 -1 0
-11.3149 1.9037 -19.5945 0.647261 0.105124 0 -1 -0
-10.5108 1.9037 -20.8519 0.659643 0.092742 0 -1 0
-10.1778 1.9037 -19.5945 0.664772 0.105124 0 -1 0
-11.3149 1.9037 -19.5945 0.647261 0.105124 0 -1 -0
-10.1778 1.9037 -19.5945 0.664772 0.105124 0 -1 0
-10.5108 1.9037 -18.3371 0.659643 0.117507 0 -1 -0
-11.3149 6.68582 -19.5945 0.775892 0.105124 0 1 -0
-11.3149 6.68582 -17.8163 0.793403 0.105124 0 1 -0
-10.5108 6.68582 -18.3371 0.788274 0.117507 0 1 -0
-11.3149 6.68582 -19.5945 0.775892 0.105124 0 1 -0
-12.119 6.68582 -18.3371 0.788274 0.092742 0 1 -0
-11.3149 6.68582 -17.8163 0.793403 0.105124 0 1 -0
-11.3149 6.68582 -19.5945 0.775892 0.105124 0 1 -0
-12.4521 6.68582 -19.5945 0.775892 0.087613 0 1 -0
-12.119 6.68582 -18.3371 0.788274 0.092742 0 1 -0
-11.3149 6.68582 -19.5945 0.775892 0.105124 0 1 -0
-12.119 6.68582 -20.8519 0.763509 0.092742 0 1 -0
-12.4521 6.68582 -19.5945 0.775892 0.087613 0 1 -0
-11.3149 6.68582 -19.5945 0.775892 0.105124 0 1 -0
-11.3149 6.68582 -21.3727 0.75838 0.105124 0 1 -0
-12.119 6.68582 -20.8519 0.763509 0.092742 0 1 -0
-11.3149 6.68582 -19.5945 0.775892 0.105124 0 1 -0
-10.5108 6.68582 -20.8519 0.763509 0.117507 0 1 -0
-11.3149 6.68582 -21.3727 0.75838 0.105124 0 1 -0
-11.3149 6.68582 -19.5945 0.775892 0.105124 0 1 -0
-10.1778 6.68582 -19.5945 0.775892 0.122636 0 1 -0
-10.5108 6.68582 -20.8519 0.763509 0.117507 0 1 -0
-11.3149 6.68582 -19.5945 0.775892 0.105124 0 1 -0
-10.5108 6.68582 -18.3371 0.788274 0.117507 0 1 -0
-10.1778 6.68582 -19.5945 0.775892 0.122636 0 1 -0
12.1703 6.68582 -18.3371 0.4947 0.231845 0.543638 0 0.83932
11.3662 1.9037 -17.8163 0.482318 0.103412 0.543639 0 0.839319
12.1703 1.9037 -18.3371 0.4947 0.103412 0.543639 0 0.839319
11.3662 6.68582 -17.8163 0.482318 0.231845 0.543638 0 0.83932
11.3662 1.9037 -17.8163 0.482318 0.103412 0.543639 0 0.839319
12.1703 6.68582 -18.3371 0.4947 0.231845 0.543638 0 0.83932
11.3662 6.68582 -17.8163 0.482318 0.231845 -0.543639 0 0.839319
10.5621 1.9037 -18.3371 0.469935 0.103412 -0.543638 0 0.83932
11.3662 1.9037 -17.8163 0.482318 0.103412 -0.543638 0 0.83932
10.5621 6.68582 -18.3371 0.469935 0.231845 -0.54364 0 0.839319
10.5621 1.9037 -18.3371 0.469935 0.103412 -0.543638 0 0.83932
11.3662 6.68582 -17.8163 0.482318 0.231845 -0.543639 0 0.839319
10.5621 6.68582 -18.3371 0.282836 0.103412 -0.966661 0 0.256058
10.2291 1.9037 -19.5945 0.295218 0.231846 -0.966661 0 0.256058
10.5621 1.9037 -18.3371 0.282836 0.231846 -0.966661 0 0.256058
10.2291 6.68582 -19.5945 0.295218 0.103412 -0.966661 0 0.256058
10.2291 1.9037 -19.5945 0.295218 0.231846 -0.966661 0 0.256058
10.5621 6.68582 -18.3371 0.282836 0.103412 -0.966661 0 0.256058
10.2291 6.68582 -19.5945 0.295218 0.103412 -0.966662 0 -0.256057
10.5621 1.9037 -20.8519 0.307601 0.231846 -0.966661 0 -0.256058
10.2291 1.9037 -19.5945 0.295218 0.231846 -0.966661 0 -0.256059
10.5621 6.68582 -20.8519 0.307601 0.103412 -0.966662 0 -0.256057
10.5621 1.9037 -20.8519 0.307601 0.231846 -0.966661 0 -0.256058
10.2291 6.68582 -19.5945 0.295218 0.103412 -0.966662 0 -0.256057
10.5621 6.68582 -20.8519 0.314019 0.103412 -0.54364 0 -0.839319
11.3662 1.9037 -21.3727 0.326402 0.231846 -0.543639 0 -0.839319
10.5621 1.9037 -20.8519 0.314019 0.231846 -0.543639 0 -0.839319
11.3662 6.68582 -21.3727 0.326402 0.103412 -0.54364 0 -0.839319
11.3662 1.9037 -21.3727 0.326402 0.231846 -0.543639 0 -0.839319
10.5621 6.68582 -20.8519 0.314019 0.103412 -0.54364 0 -0.839319
11.3662 6.68582 -21.3727 0.326402 0.103412 0.54364 0 -0.839319
12.1703 1.9037 -20.8519 0.338784 0.231846 0.543639 0 -0.839319
11.3662 1.9037 -21.3727 0.326402 0.231846 0.543639 0 -0.839319
12.1703 6.68582 -20.8519 0.338784 0.103412 0.54364 0 -0.839319
12.1703 1.9037 -20.8519 0.338784 0.231846 0.543639 0 -0.839319
11.3662 6.68582 -21.3727 0.326402 0.103412 0.54364 0 -0.839319
12.1703 6.68582 -20.8519 0.345203 0.103412 0.966661 0 -0.256059
12.5034 1.9037 -19.5945 0.357585 0.231846 0.966662 0 -0.256057
12.1703 1.9037 -20.8519 0.345203 0.231846 0.966662 0 -0.256057
12.5034 6.68582 -19.5945 0.357585 0.103412 0.966661 0 -0.256059
12.5034 1.9037 -19.5945 0.357585 0.231846 0.966662 0 -0.256057
12.1703 6.68582 -20.8519 0.345203 0.103412 0.966661 0 -0.256059
12.5034 6.68582 -19.5945 0.357585 0.103412 0.966661 0 0.256058
12.1703 1.9037 -18.3371 0.369967 0.231846 0.966661 0 0.256058
12.5034 1.9037 -19.5945 0.357585 0.231846 0.966661 0 0.256058
12.1703 6.68582 -18.3371 0.369967 0.103412 0.966661 0 0.256058
12.1703 1.9037 -18.3371 0.369967 0.231846 0.966661 0 0.256058
12.5034 6.68582 -19.5945 0.357585 0.103412 0.966661 0 0.256058
11.3662 1.9037 -19.5945 0.690138 0.105124 0 -1 -0
12.1703 1.9037 -18.3371 0.70252 0.117507 0 -1 -0
11.3662 1.9037 -17.8163 0.690138 0.122636 0 -1 -0
11.3662 1.9037 -19.5945 0.690138 0.105124 0 -1 -0
11.3662 1.9037 -17.8163 0.690138 0.122636 0 -1 -0
10.5621 1.9037 -18.3371 0.677755 0.117507 0 -1 -0
11.3662 1.9037 -19.5945 0.690138 0.105124 0 -1 -0
10.5621 1.9037 -18.3371 0.677755 0.117507 0 -1 -0
10.2291 1.9037 -19.5945 0.672626 0.105124 0 -1 -0
11.3662 1.9037 -19.5945 0.690138 0.105124 0 -1 -0
10.2291 1.9037 -19.5945 0.672626 0.105124 0 -1 -0
10.5621 1.9037 -20.8519 0.677755 0.092742 0 -1 0
11.3662 1.9037 -19.5945 0.690138 0.105124 0 -1 -0
10.5621 1.9037 -20.8519 0.677755 0.092742 0 -1 0
11.3662 1.9037 -21.3727 0.690138 0.087613 0 -1 -0
11.3662 1.9037 -19.5945 0.690138 0.105124 0 -1 -0
11.3662 1.9037 -21.3727 0.690138 0.087613 0 -1 -0
12.1703 1.9037 -20.8519 0.70252 0.092742 0 -1 0
11.3662 1.9037 -19.5945 0.690138 0.105124 0 -1 -0
12.1703 1.9037 -20.8519 0.70252 0.092742 0 -1 0
12.5034 1.9037 -19.5945 0.707649 0.105124 0 -1 0
11.3662 1.9037 -19.5945 0.690138 0.105124 0 -1 -0
12.5034 1.9037 -19.5945 0.707649 0.105124 0 -1 0
12.1703 1.9037 -18.3371 0.70252 0.117507 0 -1 -0
11.3662 6.68582 -19.5945 0.818769 0.105124 0 1 -0
11.3662 6.68582 -17.8163 0.818769 0.087613 0 1 -0
12.1703 6.68582 -18.3371 0.831151 0.092742 0 1 -0
11.3662 6.68582 -19.5945 0.818769 0.105124 0 1 -0
10.5621 6.68582 -18.3371 0.806386 0.092742 0 1 -0
11.3662 6.68582 -17.8163 0.818769 0.087613 0 1 -0
11.3662 6.68582 -19.5945 0.818769 0.105124 0 1 -0
10.2291 6.68582 -19.5945 0.801257 0.105124 0 1 -0
10.5621 6.68582 -18.3371 0.806386 0.092742 0 1 -0
11.3662 6.68582 -19.5945 0.818769 0.105124 0 1 -0
10.5621 6.68582 -20.8519 0.806386 0.117507 0 1 -0
10.2291 6.68582 -19.5945 0.801257 0.105124 0 1 -0
11.3662 6.68582 -19.5945 0.818769 0.105124 0 1 -0
11.3662 6.68582 -21.3727 0.818769 0.122636 0 1 -0
10.5621 6.68582 -20.8519 0.806386 0.117507 0 1 -0
11.3662 6.68582 -19.5945 0.818769 0.105124 0 1 -0
12.1703 6.68582 -20.8519 0.831151 0.117507 0 1 -0
11.3662 6.68582 -21.3727 0.818769 0.122636 0 1 -0
11.3662 6.68582 -19.5945 0.818769 0.105124 0 1 -0
12.5034 6.68582 -19.5945 0.83628 0.105124 0 1 -0
12.1703 6.68582 -20.8519 0.831151 0.117507 0 1 -0
11.3662 6.68582 -19.5945 0.818769 0.105124 0 1 -0
12.1703 6.68582 -18.3371 0.831151 0.092742 0 1 -0
12.5034 6.68582 -19.5945 0.83628 0.105124 0 1 -0
