Vertex Count: 1284

Data:

-8.05286 4.04718 -8.09785 0.884792 0.126627 0 0 -1
8.05286 0.060128 -8.09785 0.777711 0.55918 0 0 -1
-8.05286 0.060128 -8.09785 0.777711 0.126627 0 0 -1
8.05286 4.04718 -8.09785 0.884792 0.55918 0 0 -1
8.05286 0.060128 -8.09785 0.777711 0.55918 0 0 -1
-8.05286 4.04718 -8.09785 0.884792 0.126627 0 0 -1
-8.05286 4.04718 8.09785 0.001992 0.563171 0 1 -0
8.05286 4.04718 -8.09785 0.434545 0.998141 0 1 -0
-8.05286 4.04718 -8.09785 0.001992 0.998141 0 1 -0
8.05286 4.04718 8.09785 0.434545 0.563171 0 1 -0
8.05286 4.04718 -8.09785 0.434545 0.998141 0 1 -0
-8.05286 4.04718 8.09785 0.001992 0.563171 0 1 -0
-8.05286 0.060128 8.09785 0.771576 0.126627 0 0 1
8.05286 4.04718 8.09785 0.664496 0.55918 0 0 1
-8.05286 4.04718 8.09785 0.664496 0.126627 0 0 1
8.05286 0.060128 8.09785 0.771576 0.55918 0 0 1
8.05286 4.04718 8.09785 0.664496 0.55918 0 0 1
-8.05286 0.060128 8.09785 0.771576 0.126627 0 0 1
-8.05286 0.060128 -8.09785 0.440701 0.563171 0 -1 -0
8.05286 0.060128 8.09785 0.873254 0.998141 0 -1 -0
-8.05286 0.060128 8.09785 0.440701 0.998141 0 -1 -0
8.05286 0.060128 -8.09785 0.873254 0.563171 0 -1 -0
8.05286 0.060128 8.09785 0.873254 0.998141 0 -1 -0
-8.05286 0.060128 -8.09785 0.440701 0.563171 0 -1 -0
8.05286 4.04718 -8.09785 0.988245 0.563171 1 0 -0
8.05286 0.060128 8.09785 0.881164 0.998141 1 0 -0
8.05286 0.060128 -8.09785 0.881164 0.563171 1 0 -0
8.05286 4.04718 8.09785 0.988245 0.998141 1 0 -0
8.05286 0.060128 8.09785 0.881164 0.998141 1 0 -0
8.05286 4.04718 -8.09785 0.988245 0.563171 1 0 -0
-8.05286 4.04718 8.09785 0.998008 0.124211 -1 0 -0
-8.05286 0.060128 -8.09785 0.890927 0.55918 -1 0 -0
-8.05286 0.060128 8.09785 0.890927 0.124211 -1 0 -0
-8.05286 4.04718 -8.09785 0.998008 0.55918 -1 0 -0
-8.05286 0.060128 -8.09785 0.890927 0.55918 -1 0 -0
-8.05286 4.04718 8.09785 0.998008 0.124211 -1 0 -0
5.99563 8.52429 -6.4192 0.514165 0.55918 0 1 -0
-6.04376 8.52429 -6.70146 0.506584 0.235837 0 1 -0
-6.04376 8.52429 -6.4192 0.514165 0.235837 0 1 -0
5.99563 8.52429 -6.70146 0.506584 0.55918 0 1 -0
-6.04376 8.52429 -6.70146 0.506584 0.235837 0 1 -0
5.99563 8.52429 -6.4192 0.514165 0.55918 0 1 -0
5.99563 8.52429 -6.70146 0.500449 0.55918 0 0.5 -0.866025
-6.04376 8.27985 -6.84259 0.493884 0.235837 0 0.5 -0.866025
-6.04376 8.52429 -6.70146 0.500449 0.235837 0 0.5 -0.866025
5.99563 8.27985 -6.84259 0.493884 0.55918 0 0.5 -0.866025
-6.04376 8.27985 -6.84259 0.493884 0.235837 0 0.5 -0.866025
5.99563 8.52429 -6.70146 0.500449 0.55918 0 0.5 -0.866025
5.99563 8.27985 -6.84259 0.493884 0.55918 0 -0.5 -0.866025
-6.04376 8.03541 -6.70146 0.487319 0.235837 0 -0.5 -0.866025
-6.04376 8.27985 -6.84259 0.493884 0.235837 0 -0.5 -0.866025
5.99563 8.03541 -6.70146 0.487319 0.55918 0 -0.5 -0.866025
-6.04376 8.03541 -6.70146 0.487319 0.235837 0 -0.5 -0.866025
5.99563 8.27985 -6.84259 0.493884 0.55918 0 -0.5 -0.866025
5.99563 8.03541 -6.70146 0.481184 0.55918 0 -1 -0
-6.04376 8.03541 -6.4192 0.473603 0.235837 0 -1 -0
-6.04376 8.03541 -6.70146 0.481184 0.235837 0 -1 -0
5.99563 8.03541 -6.4192 0.473603 0.55918 0 -1 -0
-6.04376 8.03541 -6.4192 0.473603 0.235837 0 -1 -0
5.99563 8.03541 -6.70146 0.481184 0.55918 0 -1 -0
5.99563 8.03541 -6.4192 0.65836 0.55918 0 -0.5 0.866025
-6.04376 8.27985 -6.27807 0.651795 0.235837 0 -0.5 0.866025
-6.04376 8.03541 -6.4192 0.65836 0.235837 0 -0.5 0.866025
5.99563 8.27985 -6.27807 0.651795 0.55918 0 -0.5 0.866025
-6.04376 8.27985 -6.27807 0.651795 0.235837 0 -0.5 0.866025
5.99563 8.03541 -6.4192 0.65836 0.55918 0 -0.5 0.866025
5.99563 8.27985 -6.27807 0.651795 0.55918 0 0.5 0.866025
-6.04376 8.52429 -6.4192 0.64523 0.235837 0 0.5 0.866025
-6.04376 8.27985 -6.27807 0.651795 0.235837 0 0.5 0.866025
5.99563 8.52429 -6.4192 0.64523 0.55918 0 0.5 0.866025
-6.04376 8.52429 -6.4192 0.64523 0.235837 0 0.5 0.866025
5.99563 8.27985 -6.27807 0.651795 0.55918 0 0.5 0.866025
-6.04376 8.27985 -6.56033 0.850699 0.115055 -1 0 -0
-6.04376 8.52429 -6.4192 0.857264 0.111265 -1 0 -0
-6.04376 8.52429 -6.70146 0.857264 0.118846 -1 0 -0
-6.04376 8.27985 -6.56033 0.850699 0.115055 -1 0 -0
-6.04376 8.52429 -6.70146 0.857264 0.118846 -1 0 -0
-6.04376 8.27985 -6.84259 0.850699 0.122636 -1 0 -0
-6.04376 8.27985 -6.56033 0.850699 0.115055 -1 0 -0
-6.04376 8.27985 -6.84259 0.850699 0.122636 -1 0 -0
-6.04376 8.03541 -6.70146 0.844134 0.118846 -1 0 -0
-6.04376 8.27985 -6.56033 0.850699 0.115055 -1 0 -0
-6.04376 8.03541 -6.70146 0.844134 0.118846 -1 0 -0
-6.04376 8.03541 -6.4192 0.844134 0.111265 -1 0 -0
-6.04376 8.27985 -6.56033 0.850699 0.115055 -1 0 -0
-6.04376 8.03541 -6.4192 0.844134 0.111265 -1 0 -0
-6.04376 8.27985 -6.27807 0.850699 0.107475 -1 0 -0
-6.04376 8.27985 -6.56033 0.850699 0.115055 -1 0 -0
-6.04376 8.27985 -6.27807 0.850699 0.107475 -1 0 -0
-6.04376 8.52429 -6.4192 0.857264 0.111265 -1 0 -0
5.99563 8.27985 -6.56033 0.870189 0.115055 1 0 -0
5.99563 8.52429 -6.70146 0.876754 0.111265 1 0 -0
5.99563 8.52429 -6.4192 0.876754 0.118846 1 0 -0
5.99563 8.27985 -6.56033 0.870189 0.115055 1 0 -0
5.99563 8.27985 -6.84259 0.870189 0.107475 1 0 -0
5.99563 8.52429 -6.70146 0.876754 0.111265 1 0 -0
5.99563 8.27985 -6.56033 0.870189 0.115055 1 0 -0
5.99563 8.03541 -6.70146 0.863624 0.111265 1 0 -0
5.99563 8.27985 -6.84259 0.870189 0.107475 1 0 -0
5.99563 8.27985 -6.56033 0.870189 0.115055 1 0 -0
5.99563 8.03541 -6.4192 0.863624 0.118846 1 0 -0
5.99563 8.03541 -6.70146 0.863624 0.111265 1 0 -0
5.99563 8.27985 -6.56033 0.870189 0.115055 1 0 -0
5.99563 8.27985 -6.27807 0.870189 0.122636 1 0 -0
5.99563 8.03541 -6.4192 0.863624 0.118846 1 0 -0
5.99563 8.27985 -6.56033 0.870189 0.115055 1 0 -0
5.99563 8.52429 -6.4192 0.876754 0.118846 1 0 -0
5.99563 8.27985 -6.27807 0.870189 0.122636 1 0 -0
5.99563 6.99238 -6.4192 0.463678 0.55918 0 1 4e-006
-6.04376 6.99238 -6.70146 0.456097 0.235837 0 1 0
-6.04376 6.99238 -6.4192 0.463678 0.235837 0 1 -0
5.99563 6.99238 -6.70146 0.456097 0.55918 0 1 4e-006
-6.04376 6.99238 -6.70146 0.456097 0.235837 0 1 0
5.99563 6.99238 -6.4192 0.463678 0.55918 0 1 4e-006
5.99563 6.99238 -6.70146 0.449962 0.55918 0 0.5 -0.866025
-6.04376 6.74793 -6.84259 0.443397 0.235837 0 0.5 -0.866025
-6.04376 6.99238 -6.70146 0.449962 0.235837 0 0.5 -0.866025
5.99563 6.74793 -6.84259 0.443397 0.55918 0 0.5 -0.866025
-6.04376 6.74793 -6.84259 0.443397 0.235837 0 0.5 -0.866025
5.99563 6.99238 -6.70146 0.449962 0.55918 0 0.5 -0.866025
5.99563 6.74793 -6.84259 0.443397 0.55918 0 -0.5 -0.866026
-6.04376 6.50349 -6.70146 0.436832 0.235837 0 -0.499998 -0.866027
-6.04376 6.74793 -6.84259 0.443397 0.235837 0 -0.499998 -0.866027
5.99563 6.50349 -6.70146 0.436832 0.55918 0 -0.5 -0.866025
-6.04376 6.50349 -6.70146 0.436832 0.235837 0 -0.499998 -0.866027
5.99563 6.74793 -6.84259 0.443397 0.55918 0 -0.5 -0.866026
5.99563 6.50349 -6.70146 0.430696 0.55918 0 -1 -0
-6.04376 6.50349 -6.4192 0.423116 0.235837 0 -1 -0
-6.04376 6.50349 -6.70146 0.430696 0.235837 0 -1 -0
5.99563 6.50349 -6.4192 0.423116 0.55918 0 -1 -0
-6.04376 6.50349 -6.4192 0.423116 0.235837 0 -1 -0
5.99563 6.50349 -6.70146 0.430696 0.55918 0 -1 -0
5.99563 6.50349 -6.4192 0.639095 0.55918 0 -0.499998 0.866027
-6.04376 6.74793 -6.27807 0.63253 0.235837 0 -0.5 0.866026
-6.04376 6.50349 -6.4192 0.639095 0.235837 0 -0.5 0.866025
5.99563 6.74793 -6.27807 0.63253 0.55918 0 -0.499998 0.866027
-6.04376 6.74793 -6.27807 0.63253 0.235837 0 -0.5 0.866026
5.99563 6.50349 -6.4192 0.639095 0.55918 0 -0.499998 0.866027
5.99563 6.74793 -6.27807 0.467468 0.55918 0 0.5 0.866025
-6.04376 6.99238 -6.4192 0.463678 0.235837 0 0.500002 0.866024
-6.04376 6.74793 -6.27807 0.467468 0.235837 0 0.500002 0.866024
5.99563 6.99238 -6.4192 0.463678 0.55918 0 0.5 0.866025
-6.04376 6.99238 -6.4192 0.463678 0.235837 0 0.500002 0.866024
5.99563 6.74793 -6.27807 0.467468 0.55918 0 0.5 0.866025
-6.04376 6.74793 -6.56033 0.760259 0.076041 -1 0 -0
-6.04376 6.99238 -6.4192 0.766824 0.072251 -1 0 -0
-6.04376 6.99238 -6.70146 0.766824 0.079831 -1 0 -0
-6.04376 6.74793 -6.56033 0.760259 0.076041 -1 0 -0
-6.04376 6.99238 -6.70146 0.766824 0.079831 -1 0 -0
-6.04376 6.74793 -6.84259 0.760259 0.083622 -1 0 -0
-6.04376 6.74793 -6.56033 0.760259 0.076041 -1 0 -0
-6.04376 6.74793 -6.84259 0.760259 0.083622 -1 0 -0
-6.04376 6.50349 -6.70146 0.753694 0.079831 -1 0 -0
-6.04376 6.74793 -6.56033 0.760259 0.076041 -1 0 -0
-6.04376 6.50349 -6.70146 0.753694 0.079831 -1 0 -0
-6.04376 6.50349 -6.4192 0.753694 0.072251 -1 0 -0
-6.04376 6.74793 -6.56033 0.760259 0.076041 -1 0 -0
-6.04376 6.50349 -6.4192 0.753694 0.072251 -1 0 -0
-6.04376 6.74793 -6.27807 0.760259 0.06846 -1 0 -0
-6.04376 6.74793 -6.56033 0.760259 0.076041 -1 0 -0
-6.04376 6.74793 -6.27807 0.760259 0.06846 -1 0 -0
-6.04376 6.99238 -6.4192 0.766824 0.072251 -1 0 -0
5.99563 6.74793 -6.56033 0.889678 0.112639 1 0 -0
5.99563 6.99238 -6.70146 0.896243 0.108848 1 0 -0
5.99563 6.99238 -6.4192 0.896243 0.116429 1 0 -0
5.99563 6.74793 -6.56033 0.889678 0.112639 1 0 -0
5.99563 6.74793 -6.84259 0.889678 0.105058 1 0 -0
5.99563 6.99238 -6.70146 0.896243 0.108848 1 0 -0
5.99563 6.74793 -6.56033 0.889678 0.112639 1 0 -0
5.99563 6.50349 -6.70146 0.883113 0.108848 1 0 -0
5.99563 6.74793 -6.84259 0.889678 0.105058 1 0 -0
5.99563 6.74793 -6.56033 0.889678 0.112639 1 0 -0
5.99563 6.50349 -6.4192 0.883113 0.116429 1 0 -0
5.99563 6.50349 -6.70146 0.883113 0.108848 1 0 -0
5.99563 6.74793 -6.56033 0.889678 0.112639 1 0 -0
5.99563 6.74793 -6.27807 0.889678 0.120219 1 0 -0
5.99563 6.50349 -6.4192 0.883113 0.116429 1 0 -0
5.99563 6.74793 -6.56033 0.889678 0.112639 1 0 -0
5.99563 6.99238 -6.4192 0.896243 0.116429 1 0 -0
5.99563 6.74793 -6.27807 0.889678 0.120219 1 0 -0
5.99563 5.37535 -6.4192 0.41319 0.55918 0 1 4e-006
-6.04376 5.37535 -6.70146 0.40561 0.235837 0 1 0
-6.04376 5.37535 -6.4192 0.41319 0.235837 0 1 -0
5.99563 5.37535 -6.70146 0.40561 0.55918 0 1 4e-006
-6.04376 5.37535 -6.70146 0.40561 0.235837 0 1 0
5.99563 5.37535 -6.4192 0.41319 0.55918 0 1 4e-006
5.99563 5.37535 -6.70146 0.399474 0.55918 0 0.5 -0.866025
-6.04376 5.13091 -6.84259 0.392909 0.235837 0 0.5 -0.866025
-6.04376 5.37535 -6.70146 0.399474 0.235837 0 0.5 -0.866025
5.99563 5.13091 -6.84259 0.392909 0.55918 0 0.5 -0.866025
-6.04376 5.13091 -6.84259 0.392909 0.235837 0 0.5 -0.866025
5.99563 5.37535 -6.70146 0.399474 0.55918 0 0.5 -0.866025
5.99563 5.13091 -6.84259 0.392909 0.55918 0 -0.499999 -0.866026
-6.04376 4.88647 -6.70146 0.386344 0.235837 0 -0.5 -0.866026
-6.04376 5.13091 -6.84259 0.392909 0.235837 0 -0.5 -0.866025
5.99563 4.88647 -6.70146 0.386344 0.55918 0 -0.499999 -0.866026
-6.04376 4.88647 -6.70146 0.386344 0.235837 0 -0.5 -0.866026
5.99563 5.13091 -6.84259 0.392909 0.55918 0 -0.499999 -0.866026
5.99563 4.88647 -6.70146 0.380209 0.55918 0 -1 -0
-6.04376 4.88647 -6.4192 0.372628 0.235837 0 -1 -0
-6.04376 4.88647 -6.70146 0.380209 0.235837 0 -1 -0
5.99563 4.88647 -6.4192 0.372628 0.55918 0 -1 -0
-6.04376 4.88647 -6.4192 0.372628 0.235837 0 -1 -0
5.99563 4.88647 -6.70146 0.380209 0.55918 0 -1 -0
5.99563 4.88647 -6.4192 0.626395 0.55918 0 -0.5 0.866026
-6.04376 5.13091 -6.27807 0.61983 0.235837 0 -0.499999 0.866026
-6.04376 4.88647 -6.4192 0.626395 0.235837 0 -0.499999 0.866026
5.99563 5.13091 -6.27807 0.61983 0.55918 0 -0.5 0.866025
-6.04376 5.13091 -6.27807 0.61983 0.235837 0 -0.499999 0.866026
5.99563 4.88647 -6.4192 0.626395 0.55918 0 -0.5 0.866026
5.99563 5.13091 -6.27807 0.41698 0.55918 0 0.5 0.866025
-6.04376 5.37535 -6.4192 0.41319 0.235837 0 0.500002 0.866024
-6.04376 5.13091 -6.27807 0.41698 0.235837 0 0.500002 0.866024
5.99563 5.37535 -6.4192 0.41319 0.55918 0 0.5 0.866025
-6.04376 5.37535 -6.4192 0.41319 0.235837 0 0.500002 0.866024
5.99563 5.13091 -6.27807 0.41698 0.55918 0 0.5 0.866025
-6.04376 5.13091 -6.56033 0.740994 0.076041 -1 0 -0
-6.04376 5.37535 -6.4192 0.747559 0.072251 -1 0 -0
-6.04376 5.37535 -6.70146 0.747559 0.079831 -1 0 -0
-6.04376 5.13091 -6.56033 0.740994 0.076041 -1 0 -0
-6.04376 5.37535 -6.70146 0.747559 0.079831 -1 0 -0
-6.04376 5.13091 -6.84259 0.740994 0.083622 -1 0 -0
-6.04376 5.13091 -6.56033 0.740994 0.076041 -1 0 -0
-6.04376 5.13091 -6.84259 0.740994 0.083622 -1 0 -0
-6.04376 4.88647 -6.70146 0.734429 0.079831 -1 0 -0
-6.04376 5.13091 -6.56033 0.740994 0.076041 -1 0 -0
-6.04376 4.88647 -6.70146 0.734429 0.079831 -1 0 -0
-6.04376 4.88647 -6.4192 0.734429 0.072251 -1 0 -0
-6.04376 5.13091 -6.56033 0.740994 0.076041 -1 0 -0
-6.04376 4.88647 -6.4192 0.734429 0.072251 -1 0 -0
-6.04376 5.13091 -6.27807 0.740994 0.06846 -1 0 -0
-6.04376 5.13091 -6.56033 0.740994 0.076041 -1 0 -0
-6.04376 5.13091 -6.27807 0.740994 0.06846 -1 0 -0
-6.04376 5.37535 -6.4192 0.747559 0.072251 -1 0 -0
5.99563 5.13091 -6.56033 0.909168 0.112639 1 0 -0
5.99563 5.37535 -6.70146 0.915733 0.108848 1 0 -0
5.99563 5.37535 -6.4192 0.915733 0.116429 1 0 -0
5.99563 5.13091 -6.56033 0.909168 0.112639 1 0 -0
5.99563 5.13091 -6.84259 0.909168 0.105058 1 0 -0
5.99563 5.37535 -6.70146 0.915733 0.108848 1 0 -0
5.99563 5.13091 -6.56033 0.909168 0.112639 1 0 -0
5.99563 4.88647 -6.70146 0.902603 0.108848 1 0 -0
5.99563 5.13091 -6.84259 0.909168 0.105058 1 0 -0
5.99563 5.13091 -6.56033 0.909168 0.112639 1 0 -0
5.99563 4.88647 -6.4192 0.902603 0.116429 1 0 -0
5.99563 4.88647 -6.70146 0.902603 0.108848 1 0 -0
5.99563 5.13091 -6.56033 0.909168 0.112639 1 0 -0
5.99563 5.13091 -6.27807 0.909168 0.120219 1 0 -0
5.99563 4.88647 -6.4192 0.902603 0.116429 1 0 -0
5.99563 5.13091 -6.56033 0.909168 0.112639 1 0 -0
5.99563 5.37535 -6.4192 0.915733 0.116429 1 0 -0
5.99563 5.13091 -6.27807 0.909168 0.120219 1 0 -0
5.99563 8.52429 6.76079 0.613694 0.55918 0 1 -0
-6.04376 8.52429 6.47853 0.606114 0.235837 0 1 -0
-6.04376 8.52429 6.76079 0.613694 0.235837 0 1 -0
5.99563 8.52429 6.47853 0.606114 0.55918 0 1 -0
-6.04376 8.52429 6.47853 0.606114 0.235837 0 1 -0
5.99563 8.52429 6.76079 0.613694 0.55918 0 1 -0
5.99563 8.52429 6.47853 0.366493 0.55918 0 0.5 -0.866025
-6.04376 8.27985 6.3374 0.359928 0.235837 0 0.5 -0.866025
-6.04376 8.52429 6.47853 0.366493 0.235837 0 0.5 -0.866025
5.99563 8.27985 6.3374 0.359928 0.55918 0 0.5 -0.866025
-6.04376 8.27985 6.3374 0.359928 0.235837 0 0.5 -0.866025
5.99563 8.52429 6.47853 0.366493 0.55918 0 0.5 -0.866025
5.99563 8.27985 6.3374 0.359928 0.55918 0 -0.5 -0.866025
-6.04376 8.03541 6.47853 0.353363 0.235837 0 -0.5 -0.866025
-6.04376 8.27985 6.3374 0.359928 0.235837 0 -0.5 -0.866025
5.99563 8.03541 6.47853 0.353363 0.55918 0 -0.5 -0.866025
-6.04376 8.03541 6.47853 0.353363 0.235837 0 -0.5 -0.866025
5.99563 8.27985 6.3374 0.359928 0.55918 0 -0.5 -0.866025
5.99563 8.03541 6.47853 0.599979 0.55918 0 -1 -0
-6.04376 8.03541 6.76079 0.592398 0.235837 0 -1 -0
-6.04376 8.03541 6.47853 0.599979 0.235837 0 -1 -0
5.99563 8.03541 6.76079 0.592398 0.55918 0 -1 -0
-6.04376 8.03541 6.76079 0.592398 0.235837 0 -1 -0
5.99563 8.03541 6.47853 0.599979 0.55918 0 -1 -0
5.99563 8.03541 6.76079 0.586263 0.55918 0 -0.5 0.866025
-6.04376 8.27985 6.90192 0.579698 0.235837 0 -0.5 0.866025
-6.04376 8.03541 6.76079 0.586263 0.235837 0 -0.5 0.866025
5.99563 8.27985 6.90192 0.579698 0.55918 0 -0.5 0.866025
-6.04376 8.27985 6.90192 0.579698 0.235837 0 -0.5 0.866025
5.99563 8.03541 6.76079 0.586263 0.55918 0 -0.5 0.866025
5.99563 8.27985 6.90192 0.579698 0.55918 0 0.5 0.866025
-6.04376 8.52429 6.76079 0.573133 0.235837 0 0.5 0.866025
-6.04376 8.27985 6.90192 0.579698 0.235837 0 0.5 0.866025
5.99563 8.52429 6.76079 0.573133 0.55918 0 0.5 0.866025
-6.04376 8.52429 6.76079 0.573133 0.235837 0 0.5 0.866025
5.99563 8.27985 6.90192 0.579698 0.55918 0 0.5 0.866025
-6.04376 8.27985 6.61966 0.928657 0.112639 -1 0 -0
-6.04376 8.52429 6.76079 0.935222 0.108848 -1 0 -0
-6.04376 8.52429 6.47853 0.935222 0.116429 -1 0 -0
-6.04376 8.27985 6.61966 0.928657 0.112639 -1 0 -0
-6.04376 8.52429 6.47853 0.935222 0.116429 -1 0 -0
-6.04376 8.27985 6.3374 0.928657 0.120219 -1 0 -0
-6.04376 8.27985 6.61966 0.928657 0.112639 -1 0 -0
-6.04376 8.27985 6.3374 0.928657 0.120219 -1 0 -0
-6.04376 8.03541 6.47853 0.922092 0.116429 -1 0 -0
-6.04376 8.27985 6.61966 0.928657 0.112639 -1 0 -0
-6.04376 8.03541 6.47853 0.922092 0.116429 -1 0 -0
-6.04376 8.03541 6.76079 0.922092 0.108848 -1 0 -0
-6.04376 8.27985 6.61966 0.928657 0.112639 -1 0 -0
-6.04376 8.03541 6.76079 0.922092 0.108848 -1 0 -0
-6.04376 8.27985 6.90192 0.928657 0.105058 -1 0 -0
-6.04376 8.27985 6.61966 0.928657 0.112639 -1 0 -0
-6.04376 8.27985 6.90192 0.928657 0.105058 -1 0 -0
-6.04376 8.52429 6.76079 0.935222 0.108848 -1 0 -0
5.99563 8.27985 6.61966 0.948147 0.112639 1 0 -0
5.99563 8.52429 6.47853 0.954712 0.108848 1 0 -0
5.99563 8.52429 6.76079 0.954712 0.116429 1 0 -0
5.99563 8.27985 6.61966 0.948147 0.112639 1 0 -0
5.99563 8.27985 6.3374 0.948147 0.105058 1 0 -0
5.99563 8.52429 6.47853 0.954712 0.108848 1 0 -0
5.99563 8.27985 6.61966 0.948147 0.112639 1 0 -0
5.99563 8.03541 6.47853 0.941582 0.108848 1 0 -0
5.99563 8.27985 6.3374 0.948147 0.105058 1 0 -0
5.99563 8.27985 6.61966 0.948147 0.112639 1 0 -0
5.99563 8.03541 6.76079 0.941582 0.116429 1 0 -0
5.99563 8.03541 6.47853 0.941582 0.108848 1 0 -0
5.99563 8.27985 6.61966 0.948147 0.112639 1 0 -0
5.99563 8.27985 6.90192 0.948147 0.120219 1 0 -0
5.99563 8.03541 6.76079 0.941582 0.116429 1 0 -0
5.99563 8.27985 6.61966 0.948147 0.112639 1 0 -0
5.99563 8.52429 6.76079 0.954712 0.116429 1 0 -0
5.99563 8.27985 6.90192 0.948147 0.120219 1 0 -0
5.99563 6.99238 6.76079 0.049349 0.55918 0 1 4e-006
-6.04376 6.99238 6.47853 0.041768 0.235837 0 1 0
-6.04376 6.99238 6.76079 0.049349 0.235837 0 1 -0
5.99563 6.99238 6.47853 0.041768 0.55918 0 1 4e-006
-6.04376 6.99238 6.47853 0.041768 0.235837 0 1 0
5.99563 6.99238 6.76079 0.049349 0.55918 0 1 4e-006
5.99563 6.99238 6.47853 0.347228 0.55918 0 0.5 -0.866025
-6.04376 6.74793 6.3374 0.340663 0.235837 0 0.5 -0.866025
-6.04376 6.99238 6.47853 0.347228 0.235837 0 0.5 -0.866025
5.99563 6.74793 6.3374 0.340663 0.55918 0 0.5 -0.866025
-6.04376 6.74793 6.3374 0.340663 0.235837 0 0.5 -0.866025
5.99563 6.99238 6.47853 0.347228 0.55918 0 0.5 -0.866025
5.99563 6.74793 6.3374 0.340663 0.55918 0 -0.5 -0.866026
-6.04376 6.50349 6.47853 0.334098 0.235837 0 -0.499998 -0.866027
-6.04376 6.74793 6.3374 0.340663 0.235837 0 -0.499998 -0.866027
5.99563 6.50349 6.47853 0.334098 0.55918 0 -0.5 -0.866025
-6.04376 6.50349 6.47853 0.334098 0.235837 0 -0.499998 -0.866027
5.99563 6.74793 6.3374 0.340663 0.55918 0 -0.5 -0.866026
5.99563 6.50349 6.47853 0.566997 0.55918 0 -1 -0
-6.04376 6.50349 6.76079 0.559417 0.235837 0 -1 -0
-6.04376 6.50349 6.47853 0.566997 0.235837 0 -1 -0
5.99563 6.50349 6.76079 0.559417 0.55918 0 -1 -0
-6.04376 6.50349 6.76079 0.559417 0.235837 0 -1 -0
5.99563 6.50349 6.47853 0.566997 0.55918 0 -1 -0
5.99563 6.50349 6.76079 0.553281 0.55918 0 -0.499998 0.866027
-6.04376 6.74793 6.90192 0.546716 0.235837 0 -0.5 0.866026
-6.04376 6.50349 6.76079 0.553281 0.235837 0 -0.5 0.866025
5.99563 6.74793 6.90192 0.546716 0.55918 0 -0.499998 0.866027
-6.04376 6.74793 6.90192 0.546716 0.235837 0 -0.5 0.866026
5.99563 6.50349 6.76079 0.553281 0.55918 0 -0.499998 0.866027
5.99563 6.74793 6.90192 0.053139 0.55918 0 0.5 0.866025
-6.04376 6.99238 6.76079 0.049349 0.235837 0 0.500002 0.866024
-6.04376 6.74793 6.90192 0.053139 0.235837 0 0.500002 0.866024
5.99563 6.99238 6.76079 0.049349 0.55918 0 0.5 0.866025
-6.04376 6.99238 6.76079 0.049349 0.235837 0 0.500002 0.866024
5.99563 6.74793 6.90192 0.053139 0.55918 0 0.5 0.866025
-6.04376 6.74793 6.61966 0.967636 0.112639 -1 0 -0
-6.04376 6.99238 6.76079 0.974201 0.108848 -1 0 -0
-6.04376 6.99238 6.47853 0.974201 0.116429 -1 0 -0
-6.04376 6.74793 6.61966 0.967636 0.112639 -1 0 -0
-6.04376 6.99238 6.47853 0.974201 0.116429 -1 0 -0
-6.04376 6.74793 6.3374 0.967636 0.120219 -1 0 -0
-6.04376 6.74793 6.61966 0.967636 0.112639 -1 0 -0
-6.04376 6.74793 6.3374 0.967636 0.120219 -1 0 -0
-6.04376 6.50349 6.47853 0.961071 0.116429 -1 0 -0
-6.04376 6.74793 6.61966 0.967636 0.112639 -1 0 -0
-6.04376 6.50349 6.47853 0.961071 0.116429 -1 0 -0
-6.04376 6.50349 6.76079 0.961071 0.108848 -1 0 -0
-6.04376 6.74793 6.61966 0.967636 0.112639 -1 0 -0
-6.04376 6.50349 6.76079 0.961071 0.108848 -1 0 -0
-6.04376 6.74793 6.90192 0.967636 0.105058 -1 0 -0
-6.04376 6.74793 6.61966 0.967636 0.112639 -1 0 -0
-6.04376 6.74793 6.90192 0.967636 0.105058 -1 0 -0
-6.04376 6.99238 6.76079 0.974201 0.108848 -1 0 -0
5.99563 6.74793 6.61966 0.987126 0.112639 1 0 -0
5.99563 6.99238 6.47853 0.993691 0.108848 1 0 -0
5.99563 6.99238 6.76079 0.993691 0.116429 1 0 -0
5.99563 6.74793 6.61966 0.987126 0.112639 1 0 -0
5.99563 6.74793 6.3374 0.987126 0.105058 1 0 -0
5.99563 6.99238 6.47853 0.993691 0.108848 1 0 -0
5.99563 6.74793 6.61966 0.987126 0.112639 1 0 -0
5.99563 6.50349 6.47853 0.980561 0.108848 1 0 -0
5.99563 6.74793 6.3374 0.987126 0.105058 1 0 -0
5.99563 6.74793 6.61966 0.987126 0.112639 1 0 -0
5.99563 6.50349 6.76079 0.980561 0.116429 1 0 -0
5.99563 6.50349 6.47853 0.980561 0.108848 1 0 -0
5.99563 6.74793 6.61966 0.987126 0.112639 1 0 -0
5.99563 6.74793 6.90192 0.987126 0.120219 1 0 -0
5.99563 6.50349 6.76079 0.980561 0.116429 1 0 -0
5.99563 6.74793 6.61966 0.987126 0.112639 1 0 -0
5.99563 6.99238 6.76079 0.993691 0.116429 1 0 -0
5.99563 6.74793 6.90192 0.987126 0.120219 1 0 -0
5.99563 5.37535 6.76079 0.031843 0.55918 0 1 4e-006
-6.04376 5.37535 6.47853 0.024262 0.235837 0 1 0
-6.04376 5.37535 6.76079 0.031843 0.235837 0 1 -0
5.99563 5.37535 6.47853 0.024262 0.55918 0 1 4e-006
-6.04376 5.37535 6.47853 0.024262 0.235837 0 1 0
5.99563 5.37535 6.76079 0.031843 0.55918 0 1 4e-006
5.99563 5.37535 6.47853 0.327962 0.55918 0 0.5 -0.866025
-6.04376 5.13091 6.3374 0.321397 0.235837 0 0.5 -0.866025
-6.04376 5.37535 6.47853 0.327962 0.235837 0 0.5 -0.866025
5.99563 5.13091 6.3374 0.321397 0.55918 0 0.5 -0.866025
-6.04376 5.13091 6.3374 0.321397 0.235837 0 0.5 -0.866025
5.99563 5.37535 6.47853 0.327962 0.55918 0 0.5 -0.866025
5.99563 5.13091 6.3374 0.321397 0.55918 0 -0.499999 -0.866026
-6.04376 4.88647 6.47853 0.314832 0.235837 0 -0.5 -0.866026
-6.04376 5.13091 6.3374 0.321397 0.235837 0 -0.5 -0.866025
5.99563 4.88647 6.47853 0.314832 0.55918 0 -0.499999 -0.866026
-6.04376 4.88647 6.47853 0.314832 0.235837 0 -0.5 -0.866026
5.99563 5.13091 6.3374 0.321397 0.55918 0 -0.499999 -0.866026
5.99563 4.88647 6.47853 0.540581 0.55918 0 -1 -0
-6.04376 4.88647 6.76079 0.533001 0.235837 0 -1 -0
-6.04376 4.88647 6.47853 0.540581 0.235837 0 -1 -0
5.99563 4.88647 6.76079 0.533001 0.55918 0 -1 -0
-6.04376 4.88647 6.76079 0.533001 0.235837 0 -1 -0
5.99563 4.88647 6.47853 0.540581 0.55918 0 -1 -0
5.99563 4.88647 6.76079 0.526865 0.55918 0 -0.5 0.866026
-6.04376 5.13091 6.90192 0.5203 0.235837 0 -0.499999 0.866026
-6.04376 4.88647 6.76079 0.526865 0.235837 0 -0.499999 0.866026
5.99563 5.13091 6.90192 0.5203 0.55918 0 -0.5 0.866025
-6.04376 5.13091 6.90192 0.5203 0.235837 0 -0.499999 0.866026
5.99563 4.88647 6.76079 0.526865 0.55918 0 -0.5 0.866026
5.99563 5.13091 6.90192 0.035633 0.55918 0 0.5 0.866025
-6.04376 5.37535 6.76079 0.031843 0.235837 0 0.500002 0.866024
-6.04376 5.13091 6.90192 0.035633 0.235837 0 0.500002 0.866024
5.99563 5.37535 6.76079 0.031843 0.55918 0 0.5 0.866025
-6.04376 5.37535 6.76079 0.031843 0.235837 0 0.500002 0.866024
5.99563 5.13091 6.90192 0.035633 0.55918 0 0.5 0.866025
-6.04376 5.13091 6.61966 0.991443 0.093486 -1 0 -0
-6.04376 5.37535 6.76079 0.998008 0.089696 -1 0 -0
-6.04376 5.37535 6.47853 0.998008 0.097276 -1 0 -0
-6.04376 5.13091 6.61966 0.991443 0.093486 -1 0 -0
-6.04376 5.37535 6.47853 0.998008 0.097276 -1 0 -0
-6.04376 5.13091 6.3374 0.991443 0.101067 -1 0 -0
-6.04376 5.13091 6.61966 0.991443 0.093486 -1 0 -0
-6.04376 5.13091 6.3374 0.991443 0.101067 -1 0 -0
-6.04376 4.88647 6.47853 0.984878 0.097276 -1 0 -0
-6.04376 5.13091 6.61966 0.991443 0.093486 -1 0 -0
-6.04376 4.88647 6.47853 0.984878 0.097276 -1 0 -0
-6.04376 4.88647 6.76079 0.984878 0.089696 -1 0 -0
-6.04376 5.13091 6.61966 0.991443 0.093486 -1 0 -0
-6.04376 4.88647 6.76079 0.984878 0.089696 -1 0 -0
-6.04376 5.13091 6.90192 0.991443 0.085905 -1 0 -0
-6.04376 5.13091 6.61966 0.991443 0.093486 -1 0 -0
-6.04376 5.13091 6.90192 0.991443 0.085905 -1 0 -0
-6.04376 5.37535 6.76079 0.998008 0.089696 -1 0 -0
5.99563 5.13091 6.61966 0.972178 0.093486 1 0 -0
5.99563 5.37535 6.47853 0.978742 0.089696 1 0 -0
5.99563 5.37535 6.76079 0.978742 0.097276 1 0 -0
5.99563 5.13091 6.61966 0.972178 0.093486 1 0 -0
5.99563 5.13091 6.3374 0.972178 0.085905 1 0 -0
5.99563 5.37535 6.47853 0.978742 0.089696 1 0 -0
5.99563 5.13091 6.61966 0.972178 0.093486 1 0 -0
5.99563 4.88647 6.47853 0.965613 0.089696 1 0 -0
5.99563 5.13091 6.3374 0.972178 0.085905 1 0 -0
5.99563 5.13091 6.61966 0.972178 0.093486 1 0 -0
5.99563 4.88647 6.76079 0.965613 0.097276 1 0 -0
5.99563 4.88647 6.47853 0.965613 0.089696 1 0 -0
5.99563 5.13091 6.61966 0.972178 0.093486 1 0 -0
5.99563 5.13091 6.90192 0.972178 0.101067 1 0 -0
5.99563 4.88647 6.76079 0.965613 0.097276 1 0 -0
5.99563 5.13091 6.61966 0.972178 0.093486 1 0 -0
5.99563 5.37535 6.76079 0.978742 0.097276 1 0 -0
5.99563 5.13091 6.90192 0.972178 0.101067 1 0 -0
-6.3563 8.52429 -5.93171 0.304907 0.55918 0 1 -0
-6.63855 8.52429 6.10768 0.297326 0.235837 0 1 -0
-6.3563 8.52429 6.10768 0.304907 0.235837 0 1 -0
-6.63855 8.52429 -5.93171 0.297326 0.55918 0 1 -0
-6.63855 8.52429 6.10768 0.297326 0.235837 0 1 -0
-6.3563 8.52429 -5.93171 0.304907 0.55918 0 1 -0
-6.63855 8.52429 -5.93171 0.297326 0.55918 -0.866026 0.499999 -0
-6.77968 8.27985 6.10768 0.293536 0.235837 -0.866024 0.500002 -0
-6.63855 8.52429 6.10768 0.297326 0.235837 -0.866024 0.500002 -0
-6.77968 8.27985 -5.93171 0.293536 0.55918 -0.866026 0.499998 -0
-6.77968 8.27985 6.10768 0.293536 0.235837 -0.866024 0.500002 -0
-6.63855 8.52429 -5.93171 0.297326 0.55918 -0.866026 0.499999 -0
-6.77968 8.27985 -5.93171 0.272239 0.235837 -0.866024 -0.500002 -0
-6.63855 8.03541 6.10768 0.27603 0.55918 -0.866026 -0.499999 -0
-6.77968 8.27985 6.10768 0.272239 0.55918 -0.866026 -0.499999 -0
-6.63855 8.03541 -5.93171 0.27603 0.235837 -0.866024 -0.500002 -0
-6.63855 8.03541 6.10768 0.27603 0.55918 -0.866026 -0.499999 -0
-6.77968 8.27985 -5.93171 0.272239 0.235837 -0.866024 -0.500002 -0
-6.63855 8.03541 -5.93171 0.27603 0.235837 0 -1 -0
-6.3563 8.03541 6.10768 0.28361 0.55918 0 -1 -0
-6.63855 8.03541 6.10768 0.27603 0.55918 0 -1 -0
-6.3563 8.03541 -5.93171 0.28361 0.235837 0 -1 -0
-6.3563 8.03541 6.10768 0.28361 0.55918 0 -1 -0
-6.63855 8.03541 -5.93171 0.27603 0.235837 0 -1 -0
-6.3563 8.03541 -5.93171 0.28361 0.235837 0.866026 -0.499999 -0
-6.21517 8.27985 6.10768 0.287401 0.55918 0.866024 -0.500002 -0
-6.3563 8.03541 6.10768 0.28361 0.55918 0.866024 -0.500002 -0
-6.21517 8.27985 -5.93171 0.287401 0.235837 0.866026 -0.499998 -0
-6.21517 8.27985 6.10768 0.287401 0.55918 0.866024 -0.500002 -0
-6.3563 8.03541 -5.93171 0.28361 0.235837 0.866026 -0.499999 -0
-6.21517 8.27985 -5.93171 0.308697 0.55918 0.866024 0.500002 -0
-6.3563 8.52429 6.10768 0.304907 0.235837 0.866026 0.499999 -0
-6.21517 8.27985 6.10768 0.308697 0.235837 0.866026 0.499999 -0
-6.3563 8.52429 -5.93171 0.304907 0.55918 0.866024 0.500002 -0
-6.3563 8.52429 6.10768 0.304907 0.235837 0.866026 0.499999 -0
-6.21517 8.27985 -5.93171 0.308697 0.55918 0.866024 0.500002 -0
-6.49743 8.27985 6.10768 0.952912 0.093486 0 0 1
-6.3563 8.52429 6.10768 0.946347 0.097276 0 0 1
-6.63855 8.52429 6.10768 0.946347 0.089696 0 0 1
-6.49743 8.27985 6.10768 0.952912 0.093486 0 0 1
-6.63855 8.52429 6.10768 0.946347 0.089696 0 0 1
-6.77968 8.27985 6.10768 0.952912 0.085905 0 0 1
-6.49743 8.27985 6.10768 0.952912 0.093486 0 0 1
-6.77968 8.27985 6.10768 0.952912 0.085905 0 0 1
-6.63855 8.03541 6.10768 0.959477 0.089696 0 0 1
-6.49743 8.27985 6.10768 0.952912 0.093486 0 0 1
-6.63855 8.03541 6.10768 0.959477 0.089696 0 0 1
-6.3563 8.03541 6.10768 0.959477 0.097276 0 0 1
-6.49743 8.27985 6.10768 0.952912 0.093486 0 0 1
-6.3563 8.03541 6.10768 0.959477 0.097276 0 0 1
-6.21517 8.27985 6.10768 0.952912 0.101067 0 0 1
-6.49743 8.27985 6.10768 0.952912 0.093486 0 0 1
-6.21517 8.27985 6.10768 0.952912 0.101067 0 0 1
-6.3563 8.52429 6.10768 0.946347 0.097276 0 0 1
-6.49743 8.27985 -5.93171 0.933647 0.093486 0 0 -1
-6.63855 8.52429 -5.93171 0.940212 0.089696 0 0 -1
-6.3563 8.52429 -5.93171 0.940212 0.097276 0 0 -1
-6.49743 8.27985 -5.93171 0.933647 0.093486 0 0 -1
-6.77968 8.27985 -5.93171 0.933647 0.085905 0 0 -1
-6.63855 8.52429 -5.93171 0.940212 0.089696 0 0 -1
-6.49743 8.27985 -5.93171 0.933647 0.093486 0 0 -1
-6.63855 8.03541 -5.93171 0.927082 0.089696 0 0 -1
-6.77968 8.27985 -5.93171 0.933647 0.085905 0 0 -1
-6.49743 8.27985 -5.93171 0.933647 0.093486 0 0 -1
-6.3563 8.03541 -5.93171 0.927082 0.097276 0 0 -1
-6.63855 8.03541 -5.93171 0.927082 0.089696 0 0 -1
-6.49743 8.27985 -5.93171 0.933647 0.093486 0 0 -1
-6.21517 8.27985 -5.93171 0.933647 0.101067 0 0 -1
-6.3563 8.03541 -5.93171 0.927082 0.097276 0 0 -1
-6.49743 8.27985 -5.93171 0.933647 0.093486 0 0 -1
-6.3563 8.52429 -5.93171 0.940212 0.097276 0 0 -1
-6.21517 8.27985 -5.93171 0.933647 0.101067 0 0 -1
-6.3563 6.99238 -5.93171 0.262314 0.55918 2e-006 1 -0
-6.63855 6.99238 6.10768 0.254733 0.235837 2e-006 1 -0
-6.3563 6.99238 6.10768 0.262314 0.235837 2e-006 1 -0
-6.63855 6.99238 -5.93171 0.254733 0.55918 2e-006 1 -0
-6.63855 6.99238 6.10768 0.254733 0.235837 2e-006 1 -0
-6.3563 6.99238 -5.93171 0.262314 0.55918 2e-006 1 -0
-6.63855 6.99238 -5.93171 0.254733 0.55918 -0.866026 0.499999 -0
-6.77968 6.74793 6.10768 0.250943 0.235837 -0.866024 0.500002 -0
-6.63855 6.99238 6.10768 0.254733 0.235837 -0.866024 0.500002 -0
-6.77968 6.74793 -5.93171 0.250943 0.55918 -0.866026 0.499998 -0
-6.77968 6.74793 6.10768 0.250943 0.235837 -0.866024 0.500002 -0
-6.63855 6.99238 -5.93171 0.254733 0.55918 -0.866026 0.499999 -0
-6.77968 6.74793 -5.93171 0.229646 0.235837 -0.866024 -0.500002 -0
-6.63855 6.50349 6.10768 0.233437 0.55918 -0.866026 -0.499999 -0
-6.77968 6.74793 6.10768 0.229646 0.55918 -0.866026 -0.499999 -0
-6.63855 6.50349 -5.93171 0.233437 0.235837 -0.866024 -0.500002 -0
-6.63855 6.50349 6.10768 0.233437 0.55918 -0.866026 -0.499999 -0
-6.77968 6.74793 -5.93171 0.229646 0.235837 -0.866024 -0.500002 -0
-6.63855 6.50349 -5.93171 0.233437 0.235837 0 -1 -0
-6.3563 6.50349 6.10768 0.241017 0.55918 0 -1 -0
-6.63855 6.50349 6.10768 0.233437 0.55918 0 -1 -0
-6.3563 6.50349 -5.93171 0.241017 0.235837 0 -1 -0
-6.3563 6.50349 6.10768 0.241017 0.55918 0 -1 -0
-6.63855 6.50349 -5.93171 0.233437 0.235837 0 -1 -0
-6.3563 6.50349 -5.93171 0.241017 0.235837 0.866026 -0.499999 -0
-6.21517 6.74793 6.10768 0.244808 0.55918 0.866024 -0.500002 -0
-6.3563 6.50349 6.10768 0.241017 0.55918 0.866024 -0.500002 -0
-6.21517 6.74793 -5.93171 0.244808 0.235837 0.866026 -0.499998 -0
-6.21517 6.74793 6.10768 0.244808 0.55918 0.866024 -0.500002 -0
-6.3563 6.50349 -5.93171 0.241017 0.235837 0.866026 -0.499999 -0
-6.21517 6.74793 -5.93171 0.266104 0.55918 0.866024 0.500003 -0
-6.3563 6.99238 6.10768 0.262314 0.235837 0.866026 0.499999 -0
-6.21517 6.74793 6.10768 0.266104 0.235837 0.866026 0.499999 -0
-6.3563 6.99238 -5.93171 0.262314 0.55918 0.866024 0.500003 -0
-6.3563 6.99238 6.10768 0.262314 0.235837 0.866026 0.499999 -0
-6.21517 6.74793 -5.93171 0.266104 0.55918 0.866024 0.500003 -0
-6.49743 6.74793 6.10768 0.914381 0.093486 0 0 1
-6.3563 6.99238 6.10768 0.907816 0.097276 0 0 1
-6.63855 6.99238 6.10768 0.907816 0.089696 0 0 1
-6.49743 6.74793 6.10768 0.914381 0.093486 0 0 1
-6.63855 6.99238 6.10768 0.907816 0.089696 0 0 1
-6.77968 6.74793 6.10768 0.914381 0.085905 0 0 1
-6.49743 6.74793 6.10768 0.914381 0.093486 0 0 1
-6.77968 6.74793 6.10768 0.914381 0.085905 0 0 1
-6.63855 6.50349 6.10768 0.920946 0.089696 0 0 1
-6.49743 6.74793 6.10768 0.914381 0.093486 0 0 1
-6.63855 6.50349 6.10768 0.920946 0.089696 0 0 1
-6.3563 6.50349 6.10768 0.920946 0.097276 0 0 1
-6.49743 6.74793 6.10768 0.914381 0.093486 0 0 1
-6.3563 6.50349 6.10768 0.920946 0.097276 0 0 1
-6.21517 6.74793 6.10768 0.914381 0.101067 0 0 1
-6.49743 6.74793 6.10768 0.914381 0.093486 0 0 1
-6.21517 6.74793 6.10768 0.914381 0.101067 0 0 1
-6.3563 6.99238 6.10768 0.907816 0.097276 0 0 1
-6.49743 6.74793 -5.93171 0.721728 0.076041 0 0 -1
-6.63855 6.99238 -5.93171 0.728293 0.072251 0 0 -1
-6.3563 6.99238 -5.93171 0.728293 0.079831 0 0 -1
-6.49743 6.74793 -5.93171 0.721728 0.076041 0 0 -1
-6.77968 6.74793 -5.93171 0.721728 0.06846 0 0 -1
-6.63855 6.99238 -5.93171 0.728293 0.072251 0 0 -1
-6.49743 6.74793 -5.93171 0.721728 0.076041 0 0 -1
-6.63855 6.50349 -5.93171 0.715163 0.072251 0 0 -1
-6.77968 6.74793 -5.93171 0.721728 0.06846 0 0 -1
-6.49743 6.74793 -5.93171 0.721728 0.076041 0 0 -1
-6.3563 6.50349 -5.93171 0.715163 0.079831 0 0 -1
-6.63855 6.50349 -5.93171 0.715163 0.072251 0 0 -1
-6.49743 6.74793 -5.93171 0.721728 0.076041 0 0 -1
-6.21517 6.74793 -5.93171 0.721728 0.083622 0 0 -1
-6.3563 6.50349 -5.93171 0.715163 0.079831 0 0 -1
-6.49743 6.74793 -5.93171 0.721728 0.076041 0 0 -1
-6.3563 6.99238 -5.93171 0.728293 0.079831 0 0 -1
-6.21517 6.74793 -5.93171 0.721728 0.083622 0 0 -1
-6.3563 5.37535 -5.93171 0.219721 0.55918 2e-006 1 -0
-6.63855 5.37535 6.10768 0.21214 0.235837 2e-006 1 -0
-6.3563 5.37535 6.10768 0.219721 0.235837 2e-006 1 -0
-6.63855 5.37535 -5.93171 0.21214 0.55918 2e-006 1 -0
-6.63855 5.37535 6.10768 0.21214 0.235837 2e-006 1 -0
-6.3563 5.37535 -5.93171 0.219721 0.55918 2e-006 1 -0
-6.63855 5.37535 -5.93171 0.21214 0.55918 -0.866026 0.499999 -0
-6.77968 5.13091 6.10768 0.20835 0.235837 -0.866024 0.500002 -0
-6.63855 5.37535 6.10768 0.21214 0.235837 -0.866024 0.500002 -0
-6.77968 5.13091 -5.93171 0.20835 0.55918 -0.866026 0.499998 -0
-6.77968 5.13091 6.10768 0.20835 0.235837 -0.866024 0.500002 -0
-6.63855 5.37535 -5.93171 0.21214 0.55918 -0.866026 0.499999 -0
-6.77968 5.13091 -5.93171 0.187054 0.235837 -0.866024 -0.500002 -0
-6.63855 4.88647 6.10768 0.190844 0.55918 -0.866026 -0.499999 -0
-6.77968 5.13091 6.10768 0.187054 0.55918 -0.866026 -0.499999 -0
-6.63855 4.88647 -5.93171 0.190844 0.235837 -0.866024 -0.500002 -0
-6.63855 4.88647 6.10768 0.190844 0.55918 -0.866026 -0.499999 -0
-6.77968 5.13091 -5.93171 0.187054 0.235837 -0.866024 -0.500002 -0
-6.63855 4.88647 -5.93171 0.190844 0.235837 0 -1 -0
-6.3563 4.88647 6.10768 0.198424 0.55918 0 -1 -0
-6.63855 4.88647 6.10768 0.190844 0.55918 0 -1 -0
-6.3563 4.88647 -5.93171 0.198424 0.235837 0 -1 -0
-6.3563 4.88647 6.10768 0.198424 0.55918 0 -1 -0
-6.63855 4.88647 -5.93171 0.190844 0.235837 0 -1 -0
-6.3563 4.88647 -5.93171 0.198424 0.235837 0.866026 -0.499999 -0
-6.21517 5.13091 6.10768 0.202215 0.55918 0.866024 -0.500002 -0
-6.3563 4.88647 6.10768 0.198424 0.55918 0.866024 -0.500002 -0
-6.21517 5.13091 -5.93171 0.202215 0.235837 0.866026 -0.499998 -0
-6.21517 5.13091 6.10768 0.202215 0.55918 0.866024 -0.500002 -0
-6.3563 4.88647 -5.93171 0.198424 0.235837 0.866026 -0.499999 -0
-6.21517 5.13091 -5.93171 0.223511 0.55918 0.866024 0.500003 -0
-6.3563 5.37535 6.10768 0.219721 0.235837 0.866026 0.499999 -0
-6.21517 5.13091 6.10768 0.223511 0.235837 0.866026 0.499999 -0
-6.3563 5.37535 -5.93171 0.219721 0.55918 0.866024 0.500003 -0
-6.3563 5.37535 6.10768 0.219721 0.235837 0.866026 0.499999 -0
-6.21517 5.13091 -5.93171 0.223511 0.55918 0.866024 0.500003 -0
-6.49743 5.13091 6.10768 0.895116 0.093486 0 0 1
-6.3563 5.37535 6.10768 0.888551 0.097276 0 0 1
-6.63855 5.37535 6.10768 0.888551 0.089696 0 0 1
-6.49743 5.13091 6.10768 0.895116 0.093486 0 0 1
-6.63855 5.37535 6.10768 0.888551 0.089696 0 0 1
-6.77968 5.13091 6.10768 0.895116 0.085905 0 0 1
-6.49743 5.13091 6.10768 0.895116 0.093486 0 0 1
-6.77968 5.13091 6.10768 0.895116 0.085905 0 0 1
-6.63855 4.88647 6.10768 0.901681 0.089696 0 0 1
-6.49743 5.13091 6.10768 0.895116 0.093486 0 0 1
-6.63855 4.88647 6.10768 0.901681 0.089696 0 0 1
-6.3563 4.88647 6.10768 0.901681 0.097276 0 0 1
-6.49743 5.13091 6.10768 0.895116 0.093486 0 0 1
-6.3563 4.88647 6.10768 0.901681 0.097276 0 0 1
-6.21517 5.13091 6.10768 0.895116 0.101067 0 0 1
-6.49743 5.13091 6.10768 0.895116 0.093486 0 0 1
-6.21517 5.13091 6.10768 0.895116 0.101067 0 0 1
-6.3563 5.37535 6.10768 0.888551 0.097276 0 0 1
-6.49743 5.13091 -5.93171 0.702463 0.076041 0 0 -1
-6.63855 5.37535 -5.93171 0.709028 0.072251 0 0 -1
-6.3563 5.37535 -5.93171 0.709028 0.079831 0 0 -1
-6.49743 5.13091 -5.93171 0.702463 0.076041 0 0 -1
-6.77968 5.13091 -5.93171 0.702463 0.06846 0 0 -1
-6.63855 5.37535 -5.93171 0.709028 0.072251 0 0 -1
-6.49743 5.13091 -5.93171 0.702463 0.076041 0 0 -1
-6.63855 4.88647 -5.93171 0.695898 0.072251 0 0 -1
-6.77968 5.13091 -5.93171 0.702463 0.06846 0 0 -1
-6.49743 5.13091 -5.93171 0.702463 0.076041 0 0 -1
-6.3563 4.88647 -5.93171 0.695898 0.079831 0 0 -1
-6.63855 4.88647 -5.93171 0.695898 0.072251 0 0 -1
-6.49743 5.13091 -5.93171 0.702463 0.076041 0 0 -1
-6.21517 5.13091 -5.93171 0.702463 0.083622 0 0 -1
-6.3563 4.88647 -5.93171 0.695898 0.079831 0 0 -1
-6.49743 5.13091 -5.93171 0.702463 0.076041 0 0 -1
-6.3563 5.37535 -5.93171 0.709028 0.079831 0 0 -1
-6.21517 5.13091 -5.93171 0.702463 0.083622 0 0 -1
6.70706 5.37535 -5.93171 0.177128 0.55918 2e-006 1 -0
6.4248 5.37535 6.10768 0.169547 0.235837 2e-006 1 -0
6.70706 5.37535 6.10768 0.177128 0.235837 2e-006 1 -0
6.4248 5.37535 -5.93171 0.169547 0.55918 2e-006 1 -0
6.4248 5.37535 6.10768 0.169547 0.235837 2e-006 1 -0
6.70706 5.37535 -5.93171 0.177128 0.55918 2e-006 1 -0
6.4248 5.37535 -5.93171 0.169547 0.55918 -0.866026 0.499999 -0
6.28367 5.13091 6.10768 0.165757 0.235837 -0.866024 0.500002 -0
6.4248 5.37535 6.10768 0.169547 0.235837 -0.866024 0.500002 -0
6.28367 5.13091 -5.93171 0.165757 0.55918 -0.866026 0.499998 -0
6.28367 5.13091 6.10768 0.165757 0.235837 -0.866024 0.500002 -0
6.4248 5.37535 -5.93171 0.169547 0.55918 -0.866026 0.499999 -0
6.28367 5.13091 -5.93171 0.14446 0.235837 -0.866024 -0.500002 -0
6.4248 4.88647 6.10768 0.148251 0.55918 -0.866026 -0.499999 -0
6.28367 5.13091 6.10768 0.14446 0.55918 -0.866026 -0.499999 -0
6.4248 4.88647 -5.93171 0.148251 0.235837 -0.866024 -0.500002 -0
6.4248 4.88647 6.10768 0.148251 0.55918 -0.866026 -0.499999 -0
6.28367 5.13091 -5.93171 0.14446 0.235837 -0.866024 -0.500002 -0
6.4248 4.88647 -5.93171 0.148251 0.235837 0 -1 -0
6.70706 4.88647 6.10768 0.155831 0.55918 0 -1 -0
6.4248 4.88647 6.10768 0.148251 0.55918 0 -1 -0
6.70706 4.88647 -5.93171 0.155831 0.235837 0 -1 -0
6.70706 4.88647 6.10768 0.155831 0.55918 0 -1 -0
6.4248 4.88647 -5.93171 0.148251 0.235837 0 -1 -0
6.70706 4.88647 -5.93171 0.155831 0.235837 0.866024 -0.500002 -0
6.84819 5.13091 6.10768 0.159622 0.55918 0.866026 -0.499999 -0
6.70706 4.88647 6.10768 0.155831 0.55918 0.866026 -0.499999 -0
6.84819 5.13091 -5.93171 0.159622 0.235837 0.866024 -0.500002 -0
6.84819 5.13091 6.10768 0.159622 0.55918 0.866026 -0.499999 -0
6.70706 4.88647 -5.93171 0.155831 0.235837 0.866024 -0.500002 -0
6.84819 5.13091 -5.93171 0.180918 0.55918 0.866026 0.499999 -0
6.70706 5.37535 6.10768 0.177128 0.235837 0.866024 0.500003 -0
6.84819 5.13091 6.10768 0.180918 0.235837 0.866024 0.500003 -0
6.70706 5.37535 -5.93171 0.177128 0.55918 0.866026 0.499999 -0
6.70706 5.37535 6.10768 0.177128 0.235837 0.866024 0.500003 -0
6.84819 5.13091 -5.93171 0.180918 0.55918 0.866026 0.499999 -0
6.56593 5.13091 6.10768 0.875851 0.093486 0 0 1
6.70706 5.37535 6.10768 0.869286 0.097276 0 0 1
6.4248 5.37535 6.10768 0.869286 0.089696 0 0 1
6.56593 5.13091 6.10768 0.875851 0.093486 0 0 1
6.4248 5.37535 6.10768 0.869286 0.089696 0 0 1
6.28367 5.13091 6.10768 0.875851 0.085905 0 0 1
6.56593 5.13091 6.10768 0.875851 0.093486 0 0 1
6.28367 5.13091 6.10768 0.875851 0.085905 0 0 1
6.4248 4.88647 6.10768 0.882416 0.089696 0 0 1
6.56593 5.13091 6.10768 0.875851 0.093486 0 0 1
6.4248 4.88647 6.10768 0.882416 0.089696 0 0 1
6.70706 4.88647 6.10768 0.882416 0.097276 0 0 1
6.56593 5.13091 6.10768 0.875851 0.093486 0 0 1
6.70706 4.88647 6.10768 0.882416 0.097276 0 0 1
6.84819 5.13091 6.10768 0.875851 0.101067 0 0 1
6.56593 5.13091 6.10768 0.875851 0.093486 0 0 1
6.84819 5.13091 6.10768 0.875851 0.101067 0 0 1
6.70706 5.37535 6.10768 0.869286 0.097276 0 0 1
6.56593 5.13091 -5.93171 0.856585 0.095903 0 0 -1
6.4248 5.37535 -5.93171 0.86315 0.092112 0 0 -1
6.70706 5.37535 -5.93171 0.86315 0.099693 0 0 -1
6.56593 5.13091 -5.93171 0.856585 0.095903 0 0 -1
6.28367 5.13091 -5.93171 0.856585 0.088322 0 0 -1
6.4248 5.37535 -5.93171 0.86315 0.092112 0 0 -1
6.56593 5.13091 -5.93171 0.856585 0.095903 0 0 -1
6.4248 4.88647 -5.93171 0.85002 0.092112 0 0 -1
6.28367 5.13091 -5.93171 0.856585 0.088322 0 0 -1
6.56593 5.13091 -5.93171 0.856585 0.095903 0 0 -1
6.70706 4.88647 -5.93171 0.85002 0.099693 0 0 -1
6.4248 4.88647 -5.93171 0.85002 0.092112 0 0 -1
6.56593 5.13091 -5.93171 0.856585 0.095903 0 0 -1
6.84819 5.13091 -5.93171 0.856585 0.103483 0 0 -1
6.70706 4.88647 -5.93171 0.85002 0.099693 0 0 -1
6.56593 5.13091 -5.93171 0.856585 0.095903 0 0 -1
6.70706 5.37535 -5.93171 0.86315 0.099693 0 0 -1
6.84819 5.13091 -5.93171 0.856585 0.103483 0 0 -1
6.70706 6.99238 -5.93171 0.134535 0.55918 2e-006 1 -0
6.4248 6.99238 6.10768 0.126954 0.235837 2e-006 1 -0
6.70706 6.99238 6.10768 0.134535 0.235837 2e-006 1 -0
6.4248 6.99238 -5.93171 0.126954 0.55918 2e-006 1 -0
6.4248 6.99238 6.10768 0.126954 0.235837 2e-006 1 -0
6.70706 6.99238 -5.93171 0.134535 0.55918 2e-006 1 -0
6.4248 6.99238 -5.93171 0.126954 0.55918 -0.866026 0.499999 -0
6.28367 6.74793 6.10768 0.123164 0.235837 -0.866024 0.500002 -0
6.4248 6.99238 6.10768 0.126954 0.235837 -0.866024 0.500002 -0
6.28367 6.74793 -5.93171 0.123164 0.55918 -0.866026 0.499998 -0
6.28367 6.74793 6.10768 0.123164 0.235837 -0.866024 0.500002 -0
6.4248 6.99238 -5.93171 0.126954 0.55918 -0.866026 0.499999 -0
6.28367 6.74793 -5.93171 0.101868 0.235837 -0.866024 -0.500002 -0
6.4248 6.50349 6.10768 0.105658 0.55918 -0.866026 -0.499999 -0
6.28367 6.74793 6.10768 0.101868 0.55918 -0.866026 -0.499999 -0
6.4248 6.50349 -5.93171 0.105658 0.235837 -0.866024 -0.500002 -0
6.4248 6.50349 6.10768 0.105658 0.55918 -0.866026 -0.499999 -0
6.28367 6.74793 -5.93171 0.101868 0.235837 -0.866024 -0.500002 -0
6.4248 6.50349 -5.93171 0.105658 0.235837 0 -1 -0
6.70706 6.50349 6.10768 0.113238 0.55918 0 -1 -0
6.4248 6.50349 6.10768 0.105658 0.55918 0 -1 -0
6.70706 6.50349 -5.93171 0.113238 0.235837 0 -1 -0
6.70706 6.50349 6.10768 0.113238 0.55918 0 -1 -0
6.4248 6.50349 -5.93171 0.105658 0.235837 0 -1 -0
6.70706 6.50349 -5.93171 0.113238 0.235837 0.866024 -0.500002 -0
6.84819 6.74793 6.10768 0.117029 0.55918 0.866026 -0.499999 -0
6.70706 6.50349 6.10768 0.113238 0.55918 0.866026 -0.499999 -0
6.84819 6.74793 -5.93171 0.117029 0.235837 0.866024 -0.500002 -0
6.84819 6.74793 6.10768 0.117029 0.55918 0.866026 -0.499999 -0
6.70706 6.50349 -5.93171 0.113238 0.235837 0.866024 -0.500002 -0
6.84819 6.74793 -5.93171 0.138325 0.55918 0.866026 0.499999 -0
6.70706 6.99238 6.10768 0.134535 0.235837 0.866024 0.500003 -0
6.84819 6.74793 6.10768 0.138325 0.235837 0.866024 0.500003 -0
6.70706 6.99238 -5.93171 0.134535 0.55918 0.866026 0.499999 -0
6.70706 6.99238 6.10768 0.134535 0.235837 0.866024 0.500003 -0
6.84819 6.74793 -5.93171 0.138325 0.55918 0.866026 0.499999 -0
6.56593 6.74793 6.10768 0.83732 0.076041 0 0 1
6.70706 6.99238 6.10768 0.830755 0.079831 0 0 1
6.4248 6.99238 6.10768 0.830755 0.072251 0 0 1
6.56593 6.74793 6.10768 0.83732 0.076041 0 0 1
6.4248 6.99238 6.10768 0.830755 0.072251 0 0 1
6.28367 6.74793 6.10768 0.83732 0.06846 0 0 1
6.56593 6.74793 6.10768 0.83732 0.076041 0 0 1
6.28367 6.74793 6.10768 0.83732 0.06846 0 0 1
6.4248 6.50349 6.10768 0.843885 0.072251 0 0 1
6.56593 6.74793 6.10768 0.83732 0.076041 0 0 1
6.4248 6.50349 6.10768 0.843885 0.072251 0 0 1
6.70706 6.50349 6.10768 0.843885 0.079831 0 0 1
6.56593 6.74793 6.10768 0.83732 0.076041 0 0 1
6.70706 6.50349 6.10768 0.843885 0.079831 0 0 1
6.84819 6.74793 6.10768 0.83732 0.083622 0 0 1
6.56593 6.74793 6.10768 0.83732 0.076041 0 0 1
6.84819 6.74793 6.10768 0.83732 0.083622 0 0 1
6.70706 6.99238 6.10768 0.830755 0.079831 0 0 1
6.56593 6.74793 -5.93171 0.818055 0.076041 0 0 -1
6.4248 6.99238 -5.93171 0.82462 0.072251 0 0 -1
6.70706 6.99238 -5.93171 0.82462 0.079831 0 0 -1
6.56593 6.74793 -5.93171 0.818055 0.076041 0 0 -1
6.28367 6.74793 -5.93171 0.818055 0.06846 0 0 -1
6.4248 6.99238 -5.93171 0.82462 0.072251 0 0 -1
6.56593 6.74793 -5.93171 0.818055 0.076041 0 0 -1
6.4248 6.50349 -5.93171 0.81149 0.072251 0 0 -1
6.28367 6.74793 -5.93171 0.818055 0.06846 0 0 -1
6.56593 6.74793 -5.93171 0.818055 0.076041 0 0 -1
6.70706 6.50349 -5.93171 0.81149 0.079831 0 0 -1
6.4248 6.50349 -5.93171 0.81149 0.072251 0 0 -1
6.56593 6.74793 -5.93171 0.818055 0.076041 0 0 -1
6.84819 6.74793 -5.93171 0.818055 0.083622 0 0 -1
6.70706 6.50349 -5.93171 0.81149 0.079831 0 0 -1
6.56593 6.74793 -5.93171 0.818055 0.076041 0 0 -1
6.70706 6.99238 -5.93171 0.82462 0.079831 0 0 -1
6.84819 6.74793 -5.93171 0.818055 0.083622 0 0 -1
6.70706 8.52429 -5.93171 0.091942 0.55918 0 1 -0
6.4248 8.52429 6.10768 0.084361 0.235837 0 1 -0
6.70706 8.52429 6.10768 0.091942 0.235837 0 1 -0
6.4248 8.52429 -5.93171 0.084361 0.55918 0 1 -0
6.4248 8.52429 6.10768 0.084361 0.235837 0 1 -0
6.70706 8.52429 -5.93171 0.091942 0.55918 0 1 -0
6.4248 8.52429 -5.93171 0.084361 0.55918 -0.866026 0.499999 -0
6.28367 8.27985 6.10768 0.080571 0.235837 -0.866024 0.500002 -0
6.4248 8.52429 6.10768 0.084361 0.235837 -0.866024 0.500002 -0
6.28367 8.27985 -5.93171 0.080571 0.55918 -0.866026 0.499998 -0
6.28367 8.27985 6.10768 0.080571 0.235837 -0.866024 0.500002 -0
6.4248 8.52429 -5.93171 0.084361 0.55918 -0.866026 0.499999 -0
6.28367 8.27985 -5.93171 0.059274 0.235837 -0.866024 -0.500002 -0
6.4248 8.03541 6.10768 0.063065 0.55918 -0.866026 -0.499999 -0
6.28367 8.27985 6.10768 0.059274 0.55918 -0.866026 -0.499999 -0
6.4248 8.03541 -5.93171 0.063065 0.235837 -0.866024 -0.500002 -0
6.4248 8.03541 6.10768 0.063065 0.55918 -0.866026 -0.499999 -0
6.28367 8.27985 -5.93171 0.059274 0.235837 -0.866024 -0.500002 -0
6.4248 8.03541 -5.93171 0.063065 0.235837 0 -1 -0
6.70706 8.03541 6.10768 0.070645 0.55918 0 -1 -0
6.4248 8.03541 6.10768 0.063065 0.55918 0 -1 -0
6.70706 8.03541 -5.93171 0.070645 0.235837 0 -1 -0
6.70706 8.03541 6.10768 0.070645 0.55918 0 -1 -0
6.4248 8.03541 -5.93171 0.063065 0.235837 0 -1 -0
6.70706 8.03541 -5.93171 0.070645 0.235837 0.866024 -0.500002 -0
6.84819 8.27985 6.10768 0.074436 0.55918 0.866026 -0.499999 -0
6.70706 8.03541 6.10768 0.070645 0.55918 0.866026 -0.499999 -0
6.84819 8.27985 -5.93171 0.074436 0.235837 0.866024 -0.500002 -0
6.84819 8.27985 6.10768 0.074436 0.55918 0.866026 -0.499999 -0
6.70706 8.03541 -5.93171 0.070645 0.235837 0.866024 -0.500002 -0
6.84819 8.27985 -5.93171 0.095732 0.55918 0.866026 0.499999 -0
6.70706 8.52429 6.10768 0.091942 0.235837 0.866024 0.500002 -0
6.84819 8.27985 6.10768 0.095732 0.235837 0.866024 0.500002 -0
6.70706 8.52429 -5.93171 0.091942 0.55918 0.866026 0.499998 -0
6.70706 8.52429 6.10768 0.091942 0.235837 0.866024 0.500002 -0
6.84819 8.27985 -5.93171 0.095732 0.55918 0.866026 0.499999 -0
6.56593 8.27985 6.10768 0.798789 0.076041 0 0 1
6.70706 8.52429 6.10768 0.792224 0.079831 0 0 1
6.4248 8.52429 6.10768 0.792224 0.072251 0 0 1
6.56593 8.27985 6.10768 0.798789 0.076041 0 0 1
6.4248 8.52429 6.10768 0.792224 0.072251 0 0 1
6.28367 8.27985 6.10768 0.798789 0.06846 0 0 1
6.56593 8.27985 6.10768 0.798789 0.076041 0 0 1
6.28367 8.27985 6.10768 0.798789 0.06846 0 0 1
6.4248 8.03541 6.10768 0.805354 0.072251 0 0 1
6.56593 8.27985 6.10768 0.798789 0.076041 0 0 1
6.4248 8.03541 6.10768 0.805354 0.072251 0 0 1
6.70706 8.03541 6.10768 0.805354 0.079831 0 0 1
6.56593 8.27985 6.10768 0.798789 0.076041 0 0 1
6.70706 8.03541 6.10768 0.805354 0.079831 0 0 1
6.84819 8.27985 6.10768 0.798789 0.083622 0 0 1
6.56593 8.27985 6.10768 0.798789 0.076041 0 0 1
6.84819 8.27985 6.10768 0.798789 0.083622 0 0 1
6.70706 8.52429 6.10768 0.792224 0.079831 0 0 1
6.56593 8.27985 -5.93171 0.779524 0.076041 0 0 -1
6.4248 8.52429 -5.93171 0.786089 0.072251 0 0 -1
6.70706 8.52429 -5.93171 0.786089 0.079831 0 0 -1
6.56593 8.27985 -5.93171 0.779524 0.076041 0 0 -1
6.28367 8.27985 -5.93171 0.779524 0.06846 0 0 -1
6.4248 8.52429 -5.93171 0.786089 0.072251 0 0 -1
6.56593 8.27985 -5.93171 0.779524 0.076041 0 0 -1
6.4248 8.03541 -5.93171 0.772959 0.072251 0 0 -1
6.28367 8.27985 -5.93171 0.779524 0.06846 0 0 -1
6.56593 8.27985 -5.93171 0.779524 0.076041 0 0 -1
6.70706 8.03541 -5.93171 0.772959 0.079831 0 0 -1
6.4248 8.03541 -5.93171 0.772959 0.072251 0 0 -1
6.56593 8.27985 -5.93171 0.779524 0.076041 0 0 -1
6.84819 8.27985 -5.93171 0.779524 0.083622 0 0 -1
6.70706 8.03541 -5.93171 0.772959 0.079831 0 0 -1
6.56593 8.27985 -5.93171 0.779524 0.076041 0 0 -1
6.70706 8.52429 -5.93171 0.786089 0.079831 0 0 -1
6.84819 8.27985 -5.93171 0.779524 0.083622 0 0 -1
-6.02676 8.84334 7.08359 0.401151 0.231846 0.382684 0 0.92388
-6.48781 4.06122 7.27456 0.388768 0.103412 0.382683 0 0.92388
-6.02676 4.06122 7.08359 0.401151 0.103412 0.382683 0 0.92388
-6.48781 8.84334 7.27456 0.388768 0.231846 0.382684 0 0.92388
-6.48781 4.06122 7.27456 0.388768 0.103412 0.382683 0 0.92388
-6.02676 8.84334 7.08359 0.401151 0.231846 0.382684 0 0.92388
-6.48781 8.84334 7.27456 0.388768 0.231846 -0.382684 0 0.92388
-6.94886 4.06122 7.08359 0.376386 0.103412 -0.382683 0 0.92388
-6.48781 4.06122 7.27456 0.388768 0.103412 -0.382683 0 0.92388
-6.94886 8.84334 7.08359 0.376386 0.231846 -0.382684 0 0.92388
-6.94886 4.06122 7.08359 0.376386 0.103412 -0.382683 0 0.92388
-6.48781 8.84334 7.27456 0.388768 0.231846 -0.382684 0 0.92388
-6.94886 8.84334 7.08359 0.001992 0.103412 -0.92388 0 0.382683
-7.13983 4.06122 6.62254 0.014374 0.231846 -0.92388 0 0.382683
-6.94886 4.06122 7.08359 0.001992 0.231846 -0.92388 0 0.382683
-7.13983 8.84334 6.62254 0.014374 0.103412 -0.92388 0 0.382683
-7.13983 4.06122 6.62254 0.014374 0.231846 -0.92388 0 0.382683
-6.94886 8.84334 7.08359 0.001992 0.103412 -0.92388 0 0.382683
-7.13983 8.84334 6.62254 0.014374 0.103412 -0.92388 0 -0.382683
-6.94886 4.06122 6.16149 0.026757 0.231846 -0.92388 0 -0.382684
-7.13983 4.06122 6.62254 0.014374 0.231846 -0.92388 0 -0.382684
-6.94886 8.84334 6.16149 0.026757 0.103412 -0.92388 0 -0.382683
-6.94886 4.06122 6.16149 0.026757 0.231846 -0.92388 0 -0.382684
-7.13983 8.84334 6.62254 0.014374 0.103412 -0.92388 0 -0.382683
-6.94886 8.84334 6.16149 0.03337 0.103412 -0.382684 0 -0.92388
-6.48781 4.06122 5.97052 0.045753 0.231846 -0.382683 0 -0.92388
-6.94886 4.06122 6.16149 0.03337 0.231846 -0.382683 0 -0.92388
-6.48781 8.84334 5.97052 0.045753 0.103412 -0.382684 0 -0.92388
-6.48781 4.06122 5.97052 0.045753 0.231846 -0.382683 0 -0.92388
-6.94886 8.84334 6.16149 0.03337 0.103412 -0.382684 0 -0.92388
-6.48781 8.84334 5.97052 0.045753 0.103412 0.382684 0 -0.92388
-6.02676 4.06122 6.16149 0.058135 0.231846 0.382683 0 -0.92388
-6.48781 4.06122 5.97052 0.045753 0.231846 0.382683 0 -0.92388
-6.02676 8.84334 6.16149 0.058135 0.103412 0.382684 0 -0.92388
-6.02676 4.06122 6.16149 0.058135 0.231846 0.382683 0 -0.92388
-6.48781 8.84334 5.97052 0.045753 0.103412 0.382684 0 -0.92388
-6.02676 8.84334 6.16149 0.064553 0.103412 0.92388 0 -0.382684
-5.83579 4.06122 6.62254 0.076936 0.231846 0.92388 0 -0.382683
-6.02676 4.06122 6.16149 0.064553 0.231846 0.92388 0 -0.382683
-5.83579 8.84334 6.62254 0.076936 0.103412 0.923879 0 -0.382684
-5.83579 4.06122 6.62254 0.076936 0.231846 0.92388 0 -0.382683
-6.02676 8.84334 6.16149 0.064553 0.103412 0.92388 0 -0.382684
-5.83579 8.84334 6.62254 0.076936 0.103412 0.92388 0 0.382683
-6.02676 4.06122 7.08359 0.089318 0.231846 0.92388 0 0.382683
-5.83579 4.06122 6.62254 0.076936 0.231846 0.92388 0 0.382683
-6.02676 8.84334 7.08359 0.089318 0.103412 0.92388 0 0.382683
-6.02676 4.06122 7.08359 0.089318 0.231846 0.92388 0 0.382683
-5.83579 8.84334 6.62254 0.076936 0.103412 0.92388 0 0.382683
-6.48781 4.06122 6.62254 0.561507 0.214334 0 -1 -0
-6.02676 4.06122 7.08359 0.573889 0.226716 0 -1 -0
-6.48781 4.06122 7.27456 0.561507 0.231845 0 -1 -0
-6.48781 4.06122 6.62254 0.561507 0.214334 0 -1 -0
-6.48781 4.06122 7.27456 0.561507 0.231845 0 -1 -0
-6.94886 4.06122 7.08359 0.549125 0.226716 0 -1 -1e-006
-6.48781 4.06122 6.62254 0.561507 0.214334 0 -1 -0
-6.94886 4.06122 7.08359 0.549125 0.226716 0 -1 -1e-006
-7.13983 4.06122 6.62254 0.543996 0.214334 0 -1 -0
-6.48781 4.06122 6.62254 0.561507 0.214334 0 -1 -0
-7.13983 4.06122 6.62254 0.543996 0.214334 0 -1 -0
-6.94886 4.06122 6.16149 0.549125 0.201952 0 -1 0
-6.48781 4.06122 6.62254 0.561507 0.214334 0 -1 -0
-6.94886 4.06122 6.16149 0.549125 0.201952 0 -1 0
-6.48781 4.06122 5.97052 0.561507 0.196823 0 -1 -0
-6.48781 4.06122 6.62254 0.561507 0.214334 0 -1 -0
-6.48781 4.06122 5.97052 0.561507 0.196823 0 -1 -0
-6.02676 4.06122 6.16149 0.573889 0.201952 0 -1 1e-006
-6.48781 4.06122 6.62254 0.561507 0.214334 0 -1 -0
-6.02676 4.06122 6.16149 0.573889 0.201952 0 -1 1e-006
-5.83579 4.06122 6.62254 0.579018 0.214334 0 -1 0
-6.48781 4.06122 6.62254 0.561507 0.214334 0 -1 -0
-5.83579 4.06122 6.62254 0.579018 0.214334 0 -1 0
-6.02676 4.06122 7.08359 0.573889 0.226716 0 -1 -0
-6.48781 8.84334 6.62254 0.733015 0.105124 0 1 -0
-6.48781 8.84334 7.27456 0.750526 0.105124 0 1 -0
-6.02676 8.84334 7.08359 0.745397 0.117507 0 1 -0
-6.48781 8.84334 6.62254 0.733015 0.105124 0 1 -0
-6.94886 8.84334 7.08359 0.745397 0.092742 0 1 -0
-6.48781 8.84334 7.27456 0.750526 0.105124 0 1 -0
-6.48781 8.84334 6.62254 0.733015 0.105124 0 1 -0
-7.13983 8.84334 6.62254 0.733015 0.087613 0 1 -0
-6.94886 8.84334 7.08359 0.745397 0.092742 0 1 -0
-6.48781 8.84334 6.62254 0.733015 0.105124 0 1 -0
-6.94886 8.84334 6.16149 0.720632 0.092742 0 1 -0
-7.13983 8.84334 6.62254 0.733015 0.087613 0 1 -0
-6.48781 8.84334 6.62254 0.733015 0.105124 0 1 -0
-6.48781 8.84334 5.97052 0.715503 0.105124 0 1 -0
-6.94886 8.84334 6.16149 0.720632 0.092742 0 1 -0
-6.48781 8.84334 6.62254 0.733015 0.105124 0 1 -0
-6.02676 8.84334 6.16149 0.720632 0.117507 0 1 -0
-6.48781 8.84334 5.97052 0.715503 0.105124 0 1 -0
-6.48781 8.84334 6.62254 0.733015 0.105124 0 1 -0
-5.83579 8.84334 6.62254 0.733015 0.122636 0 1 -0
-6.02676 8.84334 6.16149 0.720632 0.117507 0 1 -0
-6.48781 8.84334 6.62254 0.733015 0.105124 0 1 -0
-6.02676 8.84334 7.08359 0.745397 0.117507 0 1 -0
-5.83579 8.84334 6.62254 0.733015 0.122636 0 1 -0
7.03659 8.84334 7.08359 0.432334 0.231846 0.382684 0 0.92388
6.57554 4.06122 7.27456 0.419951 0.103412 0.382683 0 0.92388
7.03659 4.06122 7.08359 0.432334 0.103412 0.382683 0 0.92388
6.57554 8.84334 7.27456 0.419951 0.231846 0.382684 0 0.92388
6.57554 4.06122 7.27456 0.419951 0.103412 0.382683 0 0.92388
7.03659 8.84334 7.08359 0.432334 0.231846 0.382684 0 0.92388
6.57554 8.84334 7.27456 0.419951 0.231846 -0.382684 0 0.92388
6.11449 4.06122 7.08359 0.407569 0.103412 -0.382683 0 0.92388
6.57554 4.06122 7.27456 0.419951 0.103412 -0.382683 0 0.92388
6.11449 8.84334 7.08359 0.407569 0.231846 -0.382684 0 0.92388
6.11449 4.06122 7.08359 0.407569 0.103412 -0.382683 0 0.92388
6.57554 8.84334 7.27456 0.419951 0.231846 -0.382684 0 0.92388
6.11449 8.84334 7.08359 0.095737 0.103412 -0.92388 0 0.382683
5.92352 4.06122 6.62254 0.108119 0.231846 -0.92388 0 0.382683
6.11449 4.06122 7.08359 0.095737 0.231846 -0.92388 0 0.382683
5.92352 8.84334 6.62254 0.108119 0.103412 -0.92388 0 0.382683
5.92352 4.06122 6.62254 0.108119 0.231846 -0.92388 0 0.382683
6.11449 8.84334 7.08359 0.095737 0.103412 -0.92388 0 0.382683
5.92352 8.84334 6.62254 0.108119 0.103412 -0.92388 0 -0.382683
6.11449 4.06122 6.16149 0.120501 0.231846 -0.92388 0 -0.382684
5.92352 4.06122 6.62254 0.108119 0.231846 -0.92388 0 -0.382684
6.11449 8.84334 6.16149 0.120501 0.103412 -0.92388 0 -0.382683
6.11449 4.06122 6.16149 0.120501 0.231846 -0.92388 0 -0.382684
5.92352 8.84334 6.62254 0.108119 0.103412 -0.92388 0 -0.382683
6.11449 8.84334 6.16149 0.12692 0.103412 -0.382684 0 -0.92388
6.57554 4.06122 5.97052 0.139302 0.231846 -0.382683 0 -0.92388
6.11449 4.06122 6.16149 0.12692 0.231846 -0.382683 0 -0.92388
6.57554 8.84334 5.97052 0.139302 0.103412 -0.382684 0 -0.92388
6.57554 4.06122 5.97052 0.139302 0.231846 -0.382683 0 -0.92388
6.11449 8.84334 6.16149 0.12692 0.103412 -0.382684 0 -0.92388
6.57554 8.84334 5.97052 0.139302 0.103412 0.382684 0 -0.92388
7.03659 4.06122 6.16149 0.151685 0.231846 0.382683 0 -0.92388
6.57554 4.06122 5.97052 0.139302 0.231846 0.382683 0 -0.92388
7.03659 8.84334 6.16149 0.151685 0.103412 0.382684 0 -0.92388
7.03659 4.06122 6.16149 0.151685 0.231846 0.382683 0 -0.92388
6.57554 8.84334 5.97052 0.139302 0.103412 0.382684 0 -0.92388
7.03659 8.84334 6.16149 0.158103 0.103412 0.92388 0 -0.382684
7.22756 4.06122 6.62254 0.170485 0.231846 0.92388 0 -0.382683
7.03659 4.06122 6.16149 0.158103 0.231846 0.92388 0 -0.382683
7.22756 8.84334 6.62254 0.170485 0.103412 0.923879 0 -0.382684
7.22756 4.06122 6.62254 0.170485 0.231846 0.92388 0 -0.382683
7.03659 8.84334 6.16149 0.158103 0.103412 0.92388 0 -0.382684
7.22756 8.84334 6.62254 0.170485 0.103412 0.92388 0 0.382683
7.03659 4.06122 7.08359 0.182868 0.231846 0.92388 0 0.382683
7.22756 4.06122 6.62254 0.170485 0.231846 0.92388 0 0.382683
7.03659 8.84334 7.08359 0.182868 0.103412 0.92388 0 0.382683
7.03659 4.06122 7.08359 0.182868 0.231846 0.92388 0 0.382683
7.22756 8.84334 6.62254 0.170485 0.103412 0.92388 0 0.382683
6.57554 4.06122 6.62254 0.604384 0.214334 0 -1 -0
7.03659 4.06122 7.08359 0.616766 0.226716 0 -1 -0
6.57554 4.06122 7.27456 0.604384 0.231845 0 -1 -0
6.57554 4.06122 6.62254 0.604384 0.214334 0 -1 -0
6.57554 4.06122 7.27456 0.604384 0.231845 0 -1 -0
6.11449 4.06122 7.08359 0.592001 0.226716 0 -1 -1e-006
6.57554 4.06122 6.62254 0.604384 0.214334 0 -1 -0
6.11449 4.06122 7.08359 0.592001 0.226716 0 -1 -1e-006
5.92352 4.06122 6.62254 0.586873 0.214334 0 -1 -0
6.57554 4.06122 6.62254 0.604384 0.214334 0 -1 -0
5.92352 4.06122 6.62254 0.586873 0.214334 0 -1 -0
6.11449 4.06122 6.16149 0.592001 0.201952 0 -1 0
6.57554 4.06122 6.62254 0.604384 0.214334 0 -1 -0
6.11449 4.06122 6.16149 0.592001 0.201952 0 -1 0
6.57554 4.06122 5.97052 0.604384 0.196823 0 -1 -0
6.57554 4.06122 6.62254 0.604384 0.214334 0 -1 -0
6.57554 4.06122 5.97052 0.604384 0.196823 0 -1 -0
7.03659 4.06122 6.16149 0.616766 0.201952 0 -1 1e-006
6.57554 4.06122 6.62254 0.604384 0.214334 0 -1 -0
7.03659 4.06122 6.16149 0.616766 0.201952 0 -1 1e-006
7.22756 4.06122 6.62254 0.621895 0.214334 0 -1 0
6.57554 4.06122 6.62254 0.604384 0.214334 0 -1 -0
7.22756 4.06122 6.62254 0.621895 0.214334 0 -1 0
7.03659 4.06122 7.08359 0.616766 0.226716 0 -1 -0
6.57554 8.84334 6.62254 0.51863 0.214334 0 1 -0
6.57554 8.84334 7.27456 0.536141 0.214334 0 1 -0
7.03659 8.84334 7.08359 0.531013 0.226716 0 1 -0
6.57554 8.84334 6.62254 0.51863 0.214334 0 1 -0
6.11449 8.84334 7.08359 0.531013 0.201952 0 1 -0
6.57554 8.84334 7.27456 0.536141 0.214334 0 1 -0
6.57554 8.84334 6.62254 0.51863 0.214334 0 1 -0
5.92352 8.84334 6.62254 0.51863 0.196823 0 1 -0
6.11449 8.84334 7.08359 0.531013 0.201952 0 1 -0
6.57554 8.84334 6.62254 0.51863 0.214334 0 1 -0
6.11449 8.84334 6.16149 0.506248 0.201952 0 1 -0
5.92352 8.84334 6.62254 0.51863 0.196823 0 1 -0
6.57554 8.84334 6.62254 0.51863 0.214334 0 1 -0
6.57554 8.84334 5.97052 0.501119 0.214334 0 1 -0
6.11449 8.84334 6.16149 0.506248 0.201952 0 1 -0
6.57554 8.84334 6.62254 0.51863 0.214334 0 1 -0
7.03659 8.84334 6.16149 0.506248 0.226716 0 1 -0
6.57554 8.84334 5.97052 0.501119 0.214334 0 1 -0
6.57554 8.84334 6.62254 0.51863 0.214334 0 1 -0
7.22756 8.84334 6.62254 0.51863 0.231845 0 1 -0
7.03659 8.84334 6.16149 0.506248 0.226716 0 1 -0
6.57554 8.84334 6.62254 0.51863 0.214334 0 1 -0
7.03659 8.84334 7.08359 0.531013 0.226716 0 1 -0
7.22756 8.84334 6.62254 0.51863 0.231845 0 1 -0
-6.02676 8.84334 -6.03808 0.463517 0.231845 0.382682 0 0.92388
-6.48781 4.06122 -5.84711 0.451135 0.103412 0.382683 0 0.92388
-6.02676 4.06122 -6.03808 0.463517 0.103412 0.382683 0 0.92388
-6.48781 8.84334 -5.84711 0.451135 0.231845 0.382682 0 0.92388
-6.48781 4.06122 -5.84711 0.451135 0.103412 0.382683 0 0.92388
-6.02676 8.84334 -6.03808 0.463517 0.231845 0.382682 0 0.92388
-6.48781 8.84334 -5.84711 0.451135 0.231845 -0.382683 0 0.92388
-6.94886 4.06122 -6.03808 0.438752 0.103412 -0.382682 0 0.92388
-6.48781 4.06122 -5.84711 0.451135 0.103412 -0.382682 0 0.92388
-6.94886 8.84334 -6.03808 0.438752 0.231845 -0.382684 0 0.92388
-6.94886 4.06122 -6.03808 0.438752 0.103412 -0.382682 0 0.92388
-6.48781 8.84334 -5.84711 0.451135 0.231845 -0.382683 0 0.92388
-6.94886 8.84334 -6.03808 0.189286 0.103412 -0.92388 0 0.382683
-7.13983 4.06122 -6.49913 0.201669 0.231846 -0.92388 0 0.382683
-6.94886 4.06122 -6.03808 0.189286 0.231846 -0.92388 0 0.382683
-7.13983 8.84334 -6.49913 0.201669 0.103412 -0.92388 0 0.382683
-7.13983 4.06122 -6.49913 0.201669 0.231846 -0.92388 0 0.382683
-6.94886 8.84334 -6.03808 0.189286 0.103412 -0.92388 0 0.382683
-7.13983 8.84334 -6.49913 0.201669 0.103412 -0.92388 0 -0.382682
-6.94886 4.06122 -6.96018 0.214051 0.231846 -0.923879 0 -0.382684
-7.13983 4.06122 -6.49913 0.201669 0.231846 -0.92388 0 -0.382684
-6.94886 8.84334 -6.96018 0.214051 0.103412 -0.92388 0 -0.382682
-6.94886 4.06122 -6.96018 0.214051 0.231846 -0.923879 0 -0.382684
-7.13983 8.84334 -6.49913 0.201669 0.103412 -0.92388 0 -0.382682
-6.94886 8.84334 -6.96018 0.22047 0.103412 -0.382684 0 -0.92388
-6.48781 4.06122 -7.15115 0.232852 0.231846 -0.382683 0 -0.92388
-6.94886 4.06122 -6.96018 0.22047 0.231846 -0.382683 0 -0.92388
-6.48781 8.84334 -7.15115 0.232852 0.103412 -0.382684 0 -0.92388
-6.48781 4.06122 -7.15115 0.232852 0.231846 -0.382683 0 -0.92388
-6.94886 8.84334 -6.96018 0.22047 0.103412 -0.382684 0 -0.92388
-6.48781 8.84334 -7.15115 0.232852 0.103412 0.382684 0 -0.92388
-6.02676 4.06122 -6.96018 0.245234 0.231846 0.382683 0 -0.92388
-6.48781 4.06122 -7.15115 0.232852 0.231846 0.382683 0 -0.92388
-6.02676 8.84334 -6.96018 0.245234 0.103412 0.382684 0 -0.92388
-6.02676 4.06122 -6.96018 0.245234 0.231846 0.382683 0 -0.92388
-6.48781 8.84334 -7.15115 0.232852 0.103412 0.382684 0 -0.92388
-6.02676 8.84334 -6.96018 0.251653 0.103412 0.923879 0 -0.382684
-5.83579 4.06122 -6.49913 0.264035 0.231846 0.92388 0 -0.382682
-6.02676 4.06122 -6.96018 0.251653 0.231846 0.92388 0 -0.382682
-5.83579 8.84334 -6.49913 0.264035 0.103412 0.923879 0 -0.382684
-5.83579 4.06122 -6.49913 0.264035 0.231846 0.92388 0 -0.382682
-6.02676 8.84334 -6.96018 0.251653 0.103412 0.923879 0 -0.382684
-5.83579 8.84334 -6.49913 0.264035 0.103412 0.92388 0 0.382683
-6.02676 4.06122 -6.03808 0.276418 0.231846 0.92388 0 0.382683
-5.83579 4.06122 -6.49913 0.264035 0.231846 0.92388 0 0.382683
-6.02676 8.84334 -6.03808 0.276418 0.103412 0.92388 0 0.382683
-6.02676 4.06122 -6.03808 0.276418 0.231846 0.92388 0 0.382683
-5.83579 8.84334 -6.49913 0.264035 0.103412 0.92388 0 0.382683
-6.48781 4.06122 -6.49913 0.647261 0.105124 0 -1 -0
-6.02676 4.06122 -6.03808 0.659643 0.117507 0 -1 -0
-6.48781 4.06122 -5.84711 0.647261 0.122636 0 -1 -0
-6.48781 4.06122 -6.49913 0.647261 0.105124 0 -1 -0
-6.48781 4.06122 -5.84711 0.647261 0.122636 0 -1 -0
-6.94886 4.06122 -6.03808 0.634879 0.117507 0 -1 -1e-006
-6.48781 4.06122 -6.49913 0.647261 0.105124 0 -1 -0
-6.94886 4.06122 -6.03808 0.634879 0.117507 0 -1 -1e-006
-7.13983 4.06122 -6.49913 0.62975 0.105124 0 -1 -0
-6.48781 4.06122 -6.49913 0.647261 0.105124 0 -1 -0
-7.13983 4.06122 -6.49913 0.62975 0.105124 0 -1 -0
-6.94886 4.06122 -6.96018 0.634879 0.092742 0 -1 0
-6.48781 4.06122 -6.49913 0.647261 0.105124 0 -1 -0
-6.94886 4.06122 -6.96018 0.634879 0.092742 0 -1 0
-6.48781 4.06122 -7.15115 0.647261 0.087613 0 -1 -0
-6.48781 4.06122 -6.49913 0.647261 0.105124 0 -1 -0
-6.48781 4.06122 -7.15115 0.647261 0.087613 0 -1 -0
-6.02676 4.06122 -6.96018 0.659643 0.092742 0 -1 1e-006
-6.48781 4.06122 -6.49913 0.647261 0.105124 0 -1 -0
-6.02676 4.06122 -6.96018 0.659643 0.092742 0 -1 1e-006
-5.83579 4.06122 -6.49913 0.664772 0.105124 0 -1 0
-6.48781 4.06122 -6.49913 0.647261 0.105124 0 -1 -0
-5.83579 4.06122 -6.49913 0.664772 0.105124 0 -1 0
-6.02676 4.06122 -6.03808 0.659643 0.117507 0 -1 -0
-6.48781 8.84334 -6.49913 0.775892 0.105124 0 1 -0
-6.48781 8.84334 -5.84711 0.793403 0.105124 0 1 -0
-6.02676 8.84334 -6.03808 0.788274 0.117507 0 1 -0
-6.48781 8.84334 -6.49913 0.775892 0.105124 0 1 -0
-6.94886 8.84334 -6.03808 0.788274 0.092742 0 1 -0
-6.48781 8.84334 -5.84711 0.793403 0.105124 0 1 -0
-6.48781 8.84334 -6.49913 0.775892 0.105124 0 1 -0
-7.13983 8.84334 -6.49913 0.775892 0.087613 0 1 -0
-6.94886 8.84334 -6.03808 0.788274 0.092742 0 1 -0
-6.48781 8.84334 -6.49913 0.775892 0.105124 0 1 -0
-6.94886 8.84334 -6.96018 0.763509 0.092742 0 1 -0
-7.13983 8.84334 -6.49913 0.775892 0.087613 0 1 -0
-6.48781 8.84334 -6.49913 0.775892 0.105124 0 1 -0
-6.48781 8.84334 -7.15115 0.75838 0.105124 0 1 -0
-6.94886 8.84334 -6.96018 0.763509 0.092742 0 1 -0
-6.48781 8.84334 -6.49913 0.775892 0.105124 0 1 -0
-6.02676 8.84334 -6.96018 0.763509 0.117507 0 1 -0
-6.48781 8.84334 -7.15115 0.75838 0.105124 0 1 -0
-6.48781 8.84334 -6.49913 0.775892 0.105124 0 1 -0
-5.83579 8.84334 -6.49913 0.775892 0.122636 0 1 -0
-6.02676 8.84334 -6.96018 0.763509 0.117507 0 1 -0
-6.48781 8.84334 -6.49913 0.775892 0.105124 0 1 -0
-6.02676 8.84334 -6.03808 0.788274 0.117507 0 1 -0
-5.83579 8.84334 -6.49913 0.775892 0.122636 0 1 -0
6.97827 8.84334 -6.03808 0.4947 0.231845 0.382682 0 0.92388
6.51722 4.06122 -5.84711 0.482318 0.103412 0.382683 0 0.92388
6.97827 4.06122 -6.03808 0.4947 0.103412 0.382683 0 0.92388
6.51722 8.84334 -5.84711 0.482318 0.231845 0.382682 0 0.92388
6.51722 4.06122 -5.84711 0.482318 0.103412 0.382683 0 0.92388
6.97827 8.84334 -6.03808 0.4947 0.231845 0.382682 0 0.92388
6.51722 8.84334 -5.84711 0.482318 0.231845 -0.382683 0 0.92388
6.05618 4.06122 -6.03808 0.469935 0.103412 -0.382682 0 0.92388
6.51722 4.06122 -5.84711 0.482318 0.103412 -0.382682 0 0.92388
6.05618 8.84334 -6.03808 0.469935 0.231845 -0.382684 0 0.92388
6.05618 4.06122 -6.03808 0.469935 0.103412 -0.382682 0 0.92388
6.51722 8.84334 -5.84711 0.482318 0.231845 -0.382683 0 0.92388
6.05618 8.84334 -6.03808 0.282836 0.103412 -0.92388 0 0.382683
5.8652 4.06122 -6.49913 0.295218 0.231846 -0.92388 0 0.382683
6.05618 4.06122 -6.03808 0.282836 0.231846 -0.92388 0 0.382683
5.8652 8.84334 -6.49913 0.295218 0.103412 -0.92388 0 0.382683
5.8652 4.06122 -6.49913 0.295218 0.231846 -0.92388 0 0.382683
6.05618 8.84334 -6.03808 0.282836 0.103412 -0.92388 0 0.382683
5.8652 8.84334 -6.49913 0.295218 0.103412 -0.92388 0 -0.382682
6.05618 4.06122 -6.96018 0.307601 0.231846 -0.923879 0 -0.382684
5.8652 4.06122 -6.49913 0.295218 0.231846 -0.92388 0 -0.382684
6.05618 8.84334 -6.96018 0.307601 0.103412 -0.92388 0 -0.382682
6.05618 4.06122 -6.96018 0.307601 0.231846 -0.923879 0 -0.382684
5.8652 8.84334 -6.49913 0.295218 0.103412 -0.92388 0 -0.382682
6.05618 8.84334 -6.96018 0.314019 0.103412 -0.382684 0 -0.92388
6.51722 4.06122 -7.15115 0.326402 0.231846 -0.382683 0 -0.92388
6.05618 4.06122 -6.96018 0.314019 0.231846 -0.382683 0 -0.92388
6.51722 8.84334 -7.15115 0.326402 0.103412 -0.382684 0 -0.92388
6.51722 4.06122 -7.15115 0.326402 0.231846 -0.382683 0 -0.92388
6.05618 8.84334 -6.96018 0.314019 0.103412 -0.382684 0 -0.92388
6.51722 8.84334 -7.15115 0.326402 0.103412 0.382684 0 -0.92388
6.97827 4.06122 -6.96018 0.338784 0.231846 0.382683 0 -0.92388
6.51722 4.06122 -7.15115 0.326402 0.231846 0.382683 0 -0.92388
6.97827 8.84334 -6.96018 0.338784 0.103412 0.382684 0 -0.92388
6.97827 4.06122 -6.96018 0.338784 0.231846 0.382683 0 -0.92388
6.51722 8.84334 -7.15115 0.326402 0.103412 0.382684 0 -0.92388
6.97827 8.84334 -6.96018 0.345203 0.103412 0.923879 0 -0.382684
7.16924 4.06122 -6.49913 0.357585 0.231846 0.92388 0 -0.382682
6.97827 4.06122 -6.96018 0.345203 0.231846 0.92388 0 -0.382682
7.16924 8.84334 -6.49913 0.357585 0.103412 0.923879 0 -0.382684
7.16924 4.06122 -6.49913 0.357585 0.231846 0.92388 0 -0.382682
6.97827 8.84334 -6.96018 0.345203 0.103412 0.923879 0 -0.382684
7.16924 8.84334 -6.49913 0.357585 0.103412 0.92388 0 0.382683
6.97827 4.06122 -6.03808 0.369967 0.231846 0.92388 0 0.382683
7.16924 4.06122 -6.49913 0.357585 0.231846 0.92388 0 0.382683
6.97827 8.84334 -6.03808 0.369967 0.103412 0.92388 0 0.382683
6.97827 4.06122 -6.03808 0.369967 0.231846 0.92388 0 0.382683
7.16924 8.84334 -6.49913 0.357585 0.103412 0.92388 0 0.382683
6.51722 4.06122 -6.49913 0.690138 0.105124 0 -1 -0
6.97827 4.06122 -6.03808 0.70252 0.117507 0 -1 -0
6.51722 4.06122 -5.84711 0.690138 0.122636 0 -1 -0
6.51722 4.06122 -6.49913 0.690138 0.105124 0 -1 -0
6.51722 4.06122 -5.84711 0.690138 0.122636 0 -1 -0
6.05618 4.06122 -6.03808 0.677755 0.117507 0 -1 -1e-006
6.51722 4.06122 -6.49913 0.690138 0.105124 0 -1 -0
6.05618 4.06122 -6.03808 0.677755 0.117507 0 -1 -1e-006
5.8652 4.06122 -6.49913 0.672626 0.105124 0 -1 -0
6.51722 4.06122 -6.49913 0.690138 0.105124 0 -1 -0
5.8652 4.06122 -6.49913 0.672626 0.105124 0 -1 -0
6.05618 4.06122 -6.96018 0.677755 0.092742 0 -1 0
6.51722 4.06122 -6.49913 0.690138 0.105124 0 -1 -0
6.05618 4.06122 -6.96018 0.677755 0.092742 0 -1 0
6.51722 4.06122 -7.15115 0.690138 0.087613 0 -1 -0
6.51722 4.06122 -6.49913 0.690138 0.105124 0 -1 -0
6.51722 4.06122 -7.15115 0.690138 0.087613 0 -1 -0
6.97827 4.06122 -6.96018 0.70252 0.092742 0 -1 1e-006
6.51722 4.06122 -6.49913 0.690138 0.105124 0 -1 -0
6.97827 4.06122 -6.96018 0.70252 0.092742 0 -1 1e-006
7.16924 4.06122 -6.49913 0.707649 0.105124 0 -1 0
6.51722 4.06122 -6.49913 0.690138 0.105124 0 -1 -0
7.16924 4.06122 -6.49913 0.707649 0.105124 0 -1 0
6.97827 4.06122 -6.03808 0.70252 0.117507 0 -1 -0
6.51722 8.84334 -6.49913 0.818769 0.105124 0 1 -0
6.51722 8.84334 -5.84711 0.818769 0.087613 0 1 -0
6.97827 8.84334 -6.03808 0.831151 0.092742 0 1 -0
6.51722 8.84334 -6.49913 0.818769 0.105124 0 1 -0
6.05618 8.84334 -6.03808 0.806386 0.092742 0 1 -0
6.51722 8.84334 -5.84711 0.818769 0.087613 0 1 -0
6.51722 8.84334 -6.49913 0.818769 0.105124 0 1 -0
5.8652 8.84334 -6.49913 0.801257 0.105124 0 1 -0
6.05618 8.84334 -6.03808 0.806386 0.092742 0 1 -0
6.51722 8.84334 -6.49913 0.818769 0.105124 0 1 -0
6.05618 8.84334 -6.96018 0.806386 0.117507 0 1 -0
5.8652 8.84334 -6.49913 0.801257 0.105124 0 1 -0
6.51722 8.84334 -6.49913 0.818769 0.105124 0 1 -0
6.51722 8.84334 -7.15115 0.818769 0.122636 0 1 -0
6.05618 8.84334 -6.96018 0.806386 0.117507 0 1 -0
6.51722 8.84334 -6.49913 0.818769 0.105124 0 1 -0
6.97827 8.84334 -6.96018 0.831151 0.117507 0 1 -0
6.51722 8.84334 -7.15115 0.818769 0.122636 0 1 -0
6.51722 8.84334 -6.49913 0.818769 0.105124 0 1 -0
7.16924 8.84334 -6.49913 0.83628 0.105124 0 1 -0
6.97827 8.84334 -6.96018 0.831151 0.117507 0 1 -0
6.51722 8.84334 -6.49913 0.818769 0.105124 0 1 -0
6.97827 8.84334 -6.03808 0.831151 0.092742 0 1 -0
7.16924 8.84334 -6.49913 0.83628 0.105124 0 1 -0
