Vertex Count: 432

Data:

0.492404 -0.766044 0.413176 0 0.777778 0.261745 -0.852031 0.453357
0.059391 -0.939693 0.336824 0.111111 0.888889 0.261745 -0.852031 0.453357
0.262003 -0.939693 0.219846 0 0.888889 0.261746 -0.852031 0.453356
0.111619 -0.766044 0.633022 0.111111 0.777778 0.261745 -0.852031 0.453357
0.059391 -0.939693 0.336824 0.111111 0.888889 0.261745 -0.852031 0.453357
0.492404 -0.766044 0.413176 0 0.777778 0.261745 -0.852031 0.453357
0.111619 -0.766044 0.633022 0.111111 0.777778 -0.090903 -0.852032 0.515538
-0.17101 -0.939693 0.296198 0.222222 0.888889 -0.090903 -0.852031 0.515538
0.059391 -0.939693 0.336824 0.111111 0.888889 -0.090903 -0.852031 0.515538
-0.321394 -0.766044 0.556671 0.222222 0.777778 -0.090903 -0.852032 0.515538
-0.17101 -0.939693 0.296198 0.222222 0.888889 -0.090903 -0.852031 0.515538
0.111619 -0.766044 0.633022 0.111111 0.777778 -0.090903 -0.852032 0.515538
-0.321394 -0.766044 0.556671 0.222222 0.777778 -0.401017 -0.852031 0.336493
-0.321394 -0.939693 0.116978 0.333333 0.888889 -0.401017 -0.852031 0.336493
-0.17101 -0.939693 0.296198 0.222222 0.888889 -0.401017 -0.852031 0.336493
-0.604023 -0.766044 0.219846 0.333333 0.777778 -0.401017 -0.852031 0.336493
-0.321394 -0.939693 0.116978 0.333333 0.888889 -0.401017 -0.852031 0.336493
-0.321394 -0.766044 0.556671 0.222222 0.777778 -0.401017 -0.852031 0.336493
-0.604023 -0.766044 0.219846 0.333333 0.777778 -0.523491 -0.852031 -0
-0.321394 -0.939693 -0.116978 0.444444 0.888889 -0.523491 -0.852031 -0
-0.321394 -0.939693 0.116978 0.333333 0.888889 -0.523491 -0.852031 -0
-0.604023 -0.766044 -0.219846 0.444444 0.777778 -0.523491 -0.852031 -0
-0.321394 -0.939693 -0.116978 0.444444 0.888889 -0.523491 -0.852031 -0
-0.604023 -0.766044 0.219846 0.333333 0.777778 -0.523491 -0.852031 -0
-0.604023 -0.766044 -0.219846 0.444444 0.777778 -0.401017 -0.852031 -0.336494
-0.17101 -0.939693 -0.296198 0.555556 0.888889 -0.401017 -0.852031 -0.336494
-0.321394 -0.939693 -0.116978 0.444444 0.888889 -0.401017 -0.852031 -0.336493
-0.321394 -0.766044 -0.55667 0.555556 0.777778 -0.401017 -0.852031 -0.336494
-0.17101 -0.939693 -0.296198 0.555556 0.888889 -0.401017 -0.852031 -0.336494
-0.604023 -0.766044 -0.219846 0.444444 0.777778 -0.401017 -0.852031 -0.336494
-0.321394 -0.766044 -0.55667 0.555556 0.777778 -0.090903 -0.852032 -0.515538
0.059391 -0.939693 -0.336824 0.666667 0.888889 -0.090903 -0.852031 -0.515538
-0.17101 -0.939693 -0.296198 0.555556 0.888889 -0.090903 -0.852031 -0.515538
0.111619 -0.766044 -0.633022 0.666667 0.777778 -0.090903 -0.852032 -0.515538
0.059391 -0.939693 -0.336824 0.666667 0.888889 -0.090903 -0.852031 -0.515538
-0.321394 -0.766044 -0.55667 0.555556 0.777778 -0.090903 -0.852032 -0.515538
0.111619 -0.766044 -0.633022 0.666667 0.777778 0.261745 -0.852031 -0.453357
0.262003 -0.939693 -0.219846 0.777778 0.888889 0.261745 -0.852031 -0.453356
0.059391 -0.939693 -0.336824 0.666667 0.888889 0.261746 -0.852031 -0.453356
0.492404 -0.766044 -0.413176 0.777778 0.777778 0.261745 -0.852031 -0.453357
0.262003 -0.939693 -0.219846 0.777778 0.888889 0.261745 -0.852031 -0.453356
0.111619 -0.766044 -0.633022 0.666667 0.777778 0.261745 -0.852031 -0.453357
0.492404 -0.766044 -0.413176 0.777778 0.777778 0.491921 -0.852031 -0.179044
0.34202 -0.939693 -0 0.888889 0.888889 0.491921 -0.852031 -0.179044
0.262003 -0.939693 -0.219846 0.777778 0.888889 0.491921 -0.852031 -0.179044
0.642788 -0.766044 -0 0.888889 0.777778 0.49192 -0.852031 -0.179044
0.34202 -0.939693 -0 0.888889 0.888889 0.491921 -0.852031 -0.179044
0.492404 -0.766044 -0.413176 0.777778 0.777778 0.491921 -0.852031 -0.179044
0.642788 -0.766044 -0 0.888889 0.777778 0.49192 -0.852031 0.179044
0.262003 -0.939693 0.219846 1 0.888889 0.49192 -0.852031 0.179044
0.34202 -0.939693 -0 0.888889 0.888889 0.491921 -0.852031 0.179044
0.492404 -0.766044 0.413176 1 0.777778 0.49192 -0.852031 0.179044
0.262003 -0.939693 0.219846 1 0.888889 0.49192 -0.852031 0.179044
0.642788 -0.766044 -0 0.888889 0.777778 0.49192 -0.852031 0.179044
0.663414 -0.5 0.55667 0 0.666667 0.392628 -0.619171 0.680052
0.111619 -0.766044 0.633022 0.111111 0.777778 0.392628 -0.619171 0.680052
0.492404 -0.766044 0.413176 0 0.777778 0.392628 -0.619171 0.680052
0.150384 -0.5 0.852869 0.111111 0.666667 0.392628 -0.619171 0.680052
0.111619 -0.766044 0.633022 0.111111 0.777778 0.392628 -0.619171 0.680052
0.663414 -0.5 0.55667 0 0.666667 0.392628 -0.619171 0.680052
0.150384 -0.5 0.852869 0.111111 0.666667 -0.136358 -0.619171 0.773326
-0.321394 -0.766044 0.556671 0.222222 0.777778 -0.136358 -0.619171 0.773326
0.111619 -0.766044 0.633022 0.111111 0.777778 -0.136358 -0.619171 0.773326
-0.433013 -0.5 0.75 0.222222 0.666667 -0.136358 -0.619171 0.773326
-0.321394 -0.766044 0.556671 0.222222 0.777778 -0.136358 -0.619171 0.773326
0.150384 -0.5 0.852869 0.111111 0.666667 -0.136358 -0.619171 0.773326
-0.433013 -0.5 0.75 0.222222 0.666667 -0.601541 -0.619171 0.504753
-0.604023 -0.766044 0.219846 0.333333 0.777778 -0.601541 -0.619171 0.504753
-0.321394 -0.766044 0.556671 0.222222 0.777778 -0.601541 -0.619171 0.504753
-0.813798 -0.5 0.296198 0.333333 0.666667 -0.601541 -0.619171 0.504753
-0.604023 -0.766044 0.219846 0.333333 0.777778 -0.601541 -0.619171 0.504753
-0.433013 -0.5 0.75 0.222222 0.666667 -0.601541 -0.619171 0.504753
-0.813798 -0.5 0.296198 0.333333 0.666667 -0.785256 -0.619171 0
-0.604023 -0.766044 -0.219846 0.444444 0.777778 -0.785256 -0.619171 0
-0.604023 -0.766044 0.219846 0.333333 0.777778 -0.785256 -0.619171 -0
-0.813798 -0.5 -0.296198 0.444444 0.666667 -0.785256 -0.619171 0
-0.604023 -0.766044 -0.219846 0.444444 0.777778 -0.785256 -0.619171 0
-0.813798 -0.5 0.296198 0.333333 0.666667 -0.785256 -0.619171 0
-0.813798 -0.5 -0.296198 0.444444 0.666667 -0.601541 -0.619171 -0.504753
-0.321394 -0.766044 -0.55667 0.555556 0.777778 -0.601541 -0.619171 -0.504753
-0.604023 -0.766044 -0.219846 0.444444 0.777778 -0.601541 -0.619171 -0.504753
-0.433013 -0.5 -0.75 0.555556 0.666667 -0.601541 -0.619171 -0.504753
-0.321394 -0.766044 -0.55667 0.555556 0.777778 -0.601541 -0.619171 -0.504753
-0.813798 -0.5 -0.296198 0.444444 0.666667 -0.601541 -0.619171 -0.504753
-0.433013 -0.5 -0.75 0.555556 0.666667 -0.136358 -0.619171 -0.773326
0.111619 -0.766044 -0.633022 0.666667 0.777778 -0.136358 -0.619171 -0.773326
-0.321394 -0.766044 -0.55667 0.555556 0.777778 -0.136358 -0.619171 -0.773326
0.150384 -0.5 -0.852869 0.666667 0.666667 -0.136358 -0.619171 -0.773326
0.111619 -0.766044 -0.633022 0.666667 0.777778 -0.136358 -0.619171 -0.773326
-0.433013 -0.5 -0.75 0.555556 0.666667 -0.136358 -0.619171 -0.773326
0.150384 -0.5 -0.852869 0.666667 0.666667 0.392628 -0.619171 -0.680052
0.492404 -0.766044 -0.413176 0.777778 0.777778 0.392628 -0.619171 -0.680052
0.111619 -0.766044 -0.633022 0.666667 0.777778 0.392628 -0.619171 -0.680052
0.663414 -0.5 -0.55667 0.777778 0.666667 0.392628 -0.619171 -0.680052
0.492404 -0.766044 -0.413176 0.777778 0.777778 0.392628 -0.619171 -0.680052
0.150384 -0.5 -0.852869 0.666667 0.666667 0.392628 -0.619171 -0.680052
0.663414 -0.5 -0.55667 0.777778 0.666667 0.737899 -0.619171 -0.268573
0.642788 -0.766044 -0 0.888889 0.777778 0.737899 -0.619171 -0.268573
0.492404 -0.766044 -0.413176 0.777778 0.777778 0.737899 -0.619171 -0.268573
0.866025 -0.5 -0 0.888889 0.666667 0.7379 -0.619171 -0.268573
0.642788 -0.766044 -0 0.888889 0.777778 0.737899 -0.619171 -0.268573
0.663414 -0.5 -0.55667 0.777778 0.666667 0.737899 -0.619171 -0.268573
0.866025 -0.5 -0 0.888889 0.666667 0.737899 -0.619171 0.268573
0.492404 -0.766044 0.413176 1 0.777778 0.737899 -0.619171 0.268573
0.642788 -0.766044 -0 0.888889 0.777778 0.7379 -0.619171 0.268573
0.663414 -0.5 0.55667 1 0.666667 0.737899 -0.619171 0.268573
0.492404 -0.766044 0.413176 1 0.777778 0.737899 -0.619171 0.268573
0.866025 -0.5 -0 0.888889 0.666667 0.737899 -0.619171 0.268573
0.754407 -0.173648 0.633022 0 0.555556 0.473094 -0.323615 0.819423
0.150384 -0.5 0.852869 0.111111 0.666667 0.473094 -0.323615 0.819423
0.663414 -0.5 0.55667 0 0.666667 0.473094 -0.323615 0.819423
0.17101 -0.173648 0.969846 0.111111 0.555556 0.473094 -0.323615 0.819423
0.150384 -0.5 0.852869 0.111111 0.666667 0.473094 -0.323615 0.819423
0.754407 -0.173648 0.633022 0 0.555556 0.473094 -0.323615 0.819423
0.17101 -0.173648 0.969846 0.111111 0.555556 -0.164304 -0.323616 0.931814
-0.433013 -0.5 0.75 0.222222 0.666667 -0.164304 -0.323616 0.931814
0.150384 -0.5 0.852869 0.111111 0.666667 -0.164304 -0.323616 0.931814
-0.492404 -0.173648 0.852869 0.222222 0.555556 -0.164304 -0.323616 0.931814
-0.433013 -0.5 0.75 0.222222 0.666667 -0.164304 -0.323616 0.931814
0.17101 -0.173648 0.969846 0.111111 0.555556 -0.164304 -0.323616 0.931814
-0.492404 -0.173648 0.852869 0.222222 0.555556 -0.724823 -0.323616 0.608198
-0.813798 -0.5 0.296198 0.333333 0.666667 -0.724823 -0.323616 0.608198
-0.433013 -0.5 0.75 0.222222 0.666667 -0.724823 -0.323616 0.608198
-0.925417 -0.173648 0.336824 0.333333 0.555556 -0.724823 -0.323615 0.608198
-0.813798 -0.5 0.296198 0.333333 0.666667 -0.724823 -0.323616 0.608198
-0.492404 -0.173648 0.852869 0.222222 0.555556 -0.724823 -0.323616 0.608198
-0.925417 -0.173648 0.336824 0.333333 0.555556 -0.946189 -0.323615 0
-0.813798 -0.5 -0.296198 0.444444 0.666667 -0.946189 -0.323616 0
-0.813798 -0.5 0.296198 0.333333 0.666667 -0.946189 -0.323615 0
-0.925417 -0.173648 -0.336824 0.444444 0.555556 -0.946189 -0.323616 0
-0.813798 -0.5 -0.296198 0.444444 0.666667 -0.946189 -0.323616 0
-0.925417 -0.173648 0.336824 0.333333 0.555556 -0.946189 -0.323615 0
-0.925417 -0.173648 -0.336824 0.444444 0.555556 -0.724823 -0.323615 -0.608198
-0.433013 -0.5 -0.75 0.555556 0.666667 -0.724823 -0.323616 -0.608198
-0.813798 -0.5 -0.296198 0.444444 0.666667 -0.724823 -0.323615 -0.608199
-0.492404 -0.173648 -0.852869 0.555556 0.555556 -0.724823 -0.323616 -0.608198
-0.433013 -0.5 -0.75 0.555556 0.666667 -0.724823 -0.323616 -0.608198
-0.925417 -0.173648 -0.336824 0.444444 0.555556 -0.724823 -0.323615 -0.608198
-0.492404 -0.173648 -0.852869 0.555556 0.555556 -0.164304 -0.323616 -0.931814
0.150384 -0.5 -0.852869 0.666667 0.666667 -0.164304 -0.323616 -0.931814
-0.433013 -0.5 -0.75 0.555556 0.666667 -0.164304 -0.323616 -0.931814
0.17101 -0.173648 -0.969846 0.666667 0.555556 -0.164304 -0.323616 -0.931814
0.150384 -0.5 -0.852869 0.666667 0.666667 -0.164304 -0.323616 -0.931814
-0.492404 -0.173648 -0.852869 0.555556 0.555556 -0.164304 -0.323616 -0.931814
0.17101 -0.173648 -0.969846 0.666667 0.555556 0.473094 -0.323615 -0.819423
0.663414 -0.5 -0.55667 0.777778 0.666667 0.473094 -0.323615 -0.819423
0.150384 -0.5 -0.852869 0.666667 0.666667 0.473094 -0.323615 -0.819423
0.754407 -0.173648 -0.633022 0.777778 0.555556 0.473094 -0.323615 -0.819423
0.663414 -0.5 -0.55667 0.777778 0.666667 0.473094 -0.323615 -0.819423
0.17101 -0.173648 -0.969846 0.666667 0.555556 0.473094 -0.323615 -0.819423
0.754407 -0.173648 -0.633022 0.777778 0.555556 0.889127 -0.323615 -0.323616
0.866025 -0.5 -0 0.888889 0.666667 0.889127 -0.323615 -0.323616
0.663414 -0.5 -0.55667 0.777778 0.666667 0.889127 -0.323615 -0.323616
0.984808 -0.173648 -0 0.888889 0.555556 0.889127 -0.323615 -0.323616
0.866025 -0.5 -0 0.888889 0.666667 0.889127 -0.323615 -0.323616
0.754407 -0.173648 -0.633022 0.777778 0.555556 0.889127 -0.323615 -0.323616
0.984808 -0.173648 -0 0.888889 0.555556 0.889127 -0.323615 0.323615
0.663414 -0.5 0.55667 1 0.666667 0.889127 -0.323615 0.323615
0.866025 -0.5 -0 0.888889 0.666667 0.889127 -0.323615 0.323615
0.754407 -0.173648 0.633022 1 0.555556 0.889127 -0.323616 0.323615
0.663414 -0.5 0.55667 1 0.666667 0.889127 -0.323615 0.323615
0.984808 -0.173648 -0 0.888889 0.555556 0.889127 -0.323615 0.323615
0.754407 0.173648 0.633022 0 0.444444 0.5 0 0.866025
0.17101 -0.173648 0.969846 0.111111 0.555556 0.5 0 0.866025
0.754407 -0.173648 0.633022 0 0.555556 0.5 0 0.866025
0.17101 0.173648 0.969846 0.111111 0.444444 0.5 0 0.866025
0.17101 -0.173648 0.969846 0.111111 0.555556 0.5 0 0.866025
0.754407 0.173648 0.633022 0 0.444444 0.5 0 0.866025
0.17101 0.173648 0.969846 0.111111 0.444444 -0.173648 0 0.984808
-0.492404 -0.173648 0.852869 0.222222 0.555556 -0.173648 0 0.984808
0.17101 -0.173648 0.969846 0.111111 0.555556 -0.173648 0 0.984808
-0.492404 0.173648 0.852869 0.222222 0.444444 -0.173648 0 0.984808
-0.492404 -0.173648 0.852869 0.222222 0.555556 -0.173648 0 0.984808
0.17101 0.173648 0.969846 0.111111 0.444444 -0.173648 0 0.984808
-0.492404 0.173648 0.852869 0.222222 0.444444 -0.766044 0 0.642788
-0.925417 -0.173648 0.336824 0.333333 0.555556 -0.766044 0 0.642788
-0.492404 -0.173648 0.852869 0.222222 0.555556 -0.766044 0 0.642788
-0.925417 0.173648 0.336824 0.333333 0.444444 -0.766044 0 0.642788
-0.925417 -0.173648 0.336824 0.333333 0.555556 -0.766044 0 0.642788
-0.492404 0.173648 0.852869 0.222222 0.444444 -0.766044 0 0.642788
-0.925417 0.173648 0.336824 0.333333 0.444444 -1 0 0
-0.925417 -0.173648 -0.336824 0.444444 0.555556 -1 0 0
-0.925417 -0.173648 0.336824 0.333333 0.555556 -1 0 0
-0.925417 0.173648 -0.336824 0.444444 0.444444 -1 0 0
-0.925417 -0.173648 -0.336824 0.444444 0.555556 -1 0 0
-0.925417 0.173648 0.336824 0.333333 0.444444 -1 0 0
-0.925417 0.173648 -0.336824 0.444444 0.444444 -0.766044 0 -0.642788
-0.492404 -0.173648 -0.852869 0.555556 0.555556 -0.766044 0 -0.642788
-0.925417 -0.173648 -0.336824 0.444444 0.555556 -0.766044 0 -0.642788
-0.492404 0.173648 -0.852869 0.555556 0.444444 -0.766044 0 -0.642788
-0.492404 -0.173648 -0.852869 0.555556 0.555556 -0.766044 0 -0.642788
-0.925417 0.173648 -0.336824 0.444444 0.444444 -0.766044 0 -0.642788
-0.492404 0.173648 -0.852869 0.555556 0.444444 -0.173648 0 -0.984808
0.17101 -0.173648 -0.969846 0.666667 0.555556 -0.173648 0 -0.984808
-0.492404 -0.173648 -0.852869 0.555556 0.555556 -0.173648 0 -0.984808
0.17101 0.173648 -0.969846 0.666667 0.444444 -0.173648 0 -0.984808
0.17101 -0.173648 -0.969846 0.666667 0.555556 -0.173648 0 -0.984808
-0.492404 0.173648 -0.852869 0.555556 0.444444 -0.173648 0 -0.984808
0.17101 0.173648 -0.969846 0.666667 0.444444 0.5 0 -0.866025
0.754407 -0.173648 -0.633022 0.777778 0.555556 0.5 0 -0.866025
0.17101 -0.173648 -0.969846 0.666667 0.555556 0.5 0 -0.866025
0.754407 0.173648 -0.633022 0.777778 0.444444 0.5 0 -0.866025
0.754407 -0.173648 -0.633022 0.777778 0.555556 0.5 0 -0.866025
0.17101 0.173648 -0.969846 0.666667 0.444444 0.5 0 -0.866025
0.754407 0.173648 -0.633022 0.777778 0.444444 0.939693 0 -0.34202
0.984808 -0.173648 -0 0.888889 0.555556 0.939693 0 -0.34202
0.754407 -0.173648 -0.633022 0.777778 0.555556 0.939693 0 -0.34202
0.984808 0.173648 -0 0.888889 0.444444 0.939693 0 -0.34202
0.984808 -0.173648 -0 0.888889 0.555556 0.939693 0 -0.34202
0.754407 0.173648 -0.633022 0.777778 0.444444 0.939693 0 -0.34202
0.984808 0.173648 -0 0.888889 0.444444 0.939693 0 0.34202
0.754407 -0.173648 0.633022 1 0.555556 0.939693 0 0.34202
0.984808 -0.173648 -0 0.888889 0.555556 0.939693 0 0.34202
0.754407 0.173648 0.633022 1 0.444444 0.939693 0 0.34202
0.754407 -0.173648 0.633022 1 0.555556 0.939693 0 0.34202
0.984808 0.173648 -0 0.888889 0.444444 0.939693 0 0.34202
0.663414 0.5 0.55667 0 0.333333 0.473095 0.323615 0.819423
0.17101 0.173648 0.969846 0.111111 0.444444 0.473094 0.323616 0.819423
0.754407 0.173648 0.633022 0 0.444444 0.473095 0.323616 0.819423
0.150384 0.5 0.852869 0.111111 0.333333 0.473094 0.323616 0.819423
0.17101 0.173648 0.969846 0.111111 0.444444 0.473094 0.323616 0.819423
0.663414 0.5 0.55667 0 0.333333 0.473095 0.323615 0.819423
0.150384 0.5 0.852869 0.111111 0.333333 -0.164304 0.323616 0.931814
-0.492404 0.173648 0.852869 0.222222 0.444444 -0.164304 0.323616 0.931814
0.17101 0.173648 0.969846 0.111111 0.444444 -0.164304 0.323616 0.931814
-0.433013 0.5 0.75 0.222222 0.333333 -0.164304 0.323616 0.931814
-0.492404 0.173648 0.852869 0.222222 0.444444 -0.164304 0.323616 0.931814
0.150384 0.5 0.852869 0.111111 0.333333 -0.164304 0.323616 0.931814
-0.433013 0.5 0.75 0.222222 0.333333 -0.724823 0.323616 0.608198
-0.925417 0.173648 0.336824 0.333333 0.444444 -0.724823 0.323616 0.608198
-0.492404 0.173648 0.852869 0.222222 0.444444 -0.724823 0.323616 0.608198
-0.813798 0.5 0.296198 0.333333 0.333333 -0.724823 0.323616 0.608198
-0.925417 0.173648 0.336824 0.333333 0.444444 -0.724823 0.323616 0.608198
-0.433013 0.5 0.75 0.222222 0.333333 -0.724823 0.323616 0.608198
-0.813798 0.5 0.296198 0.333333 0.333333 -0.946189 0.323616 0
-0.925417 0.173648 -0.336824 0.444444 0.444444 -0.946189 0.323615 0
-0.925417 0.173648 0.336824 0.333333 0.444444 -0.946189 0.323616 0
-0.813798 0.5 -0.296198 0.444444 0.333333 -0.946189 0.323615 0
-0.925417 0.173648 -0.336824 0.444444 0.444444 -0.946189 0.323615 0
-0.813798 0.5 0.296198 0.333333 0.333333 -0.946189 0.323616 0
-0.813798 0.5 -0.296198 0.444444 0.333333 -0.724823 0.323616 -0.608198
-0.492404 0.173648 -0.852869 0.555556 0.444444 -0.724823 0.323615 -0.608198
-0.925417 0.173648 -0.336824 0.444444 0.444444 -0.724823 0.323616 -0.608198
-0.433013 0.5 -0.75 0.555556 0.333333 -0.724823 0.323615 -0.608198
-0.492404 0.173648 -0.852869 0.555556 0.444444 -0.724823 0.323615 -0.608198
-0.813798 0.5 -0.296198 0.444444 0.333333 -0.724823 0.323616 -0.608198
-0.433013 0.5 -0.75 0.555556 0.333333 -0.164304 0.323616 -0.931814
0.17101 0.173648 -0.969846 0.666667 0.444444 -0.164304 0.323616 -0.931814
-0.492404 0.173648 -0.852869 0.555556 0.444444 -0.164304 0.323616 -0.931814
0.150384 0.5 -0.852869 0.666667 0.333333 -0.164304 0.323615 -0.931814
0.17101 0.173648 -0.969846 0.666667 0.444444 -0.164304 0.323616 -0.931814
-0.433013 0.5 -0.75 0.555556 0.333333 -0.164304 0.323616 -0.931814
0.150384 0.5 -0.852869 0.666667 0.333333 0.473094 0.323615 -0.819423
0.754407 0.173648 -0.633022 0.777778 0.444444 0.473094 0.323615 -0.819423
0.17101 0.173648 -0.969846 0.666667 0.444444 0.473094 0.323615 -0.819423
0.663414 0.5 -0.55667 0.777778 0.333333 0.473094 0.323615 -0.819423
0.754407 0.173648 -0.633022 0.777778 0.444444 0.473094 0.323615 -0.819423
0.150384 0.5 -0.852869 0.666667 0.333333 0.473094 0.323615 -0.819423
0.663414 0.5 -0.55667 0.777778 0.333333 0.889127 0.323615 -0.323616
0.984808 0.173648 -0 0.888889 0.444444 0.889127 0.323615 -0.323616
0.754407 0.173648 -0.633022 0.777778 0.444444 0.889126 0.323615 -0.323616
0.866025 0.5 -0 0.888889 0.333333 0.889127 0.323615 -0.323616
0.984808 0.173648 -0 0.888889 0.444444 0.889127 0.323615 -0.323616
0.663414 0.5 -0.55667 0.777778 0.333333 0.889127 0.323615 -0.323616
0.866025 0.5 -0 0.888889 0.333333 0.889127 0.323616 0.323615
0.754407 0.173648 0.633022 1 0.444444 0.889127 0.323615 0.323615
0.984808 0.173648 -0 0.888889 0.444444 0.889127 0.323616 0.323615
0.663414 0.5 0.55667 1 0.333333 0.889127 0.323615 0.323615
0.754407 0.173648 0.633022 1 0.444444 0.889127 0.323615 0.323615
0.866025 0.5 -0 0.888889 0.333333 0.889127 0.323616 0.323615
0.492404 0.766044 0.413176 0 0.222222 0.392628 0.619171 0.680052
0.150384 0.5 0.852869 0.111111 0.333333 0.392628 0.619171 0.680052
0.663414 0.5 0.55667 0 0.333333 0.392628 0.619171 0.680052
0.111619 0.766044 0.633022 0.111111 0.222222 0.392628 0.619171 0.680052
0.150384 0.5 0.852869 0.111111 0.333333 0.392628 0.619171 0.680052
0.492404 0.766044 0.413176 0 0.222222 0.392628 0.619171 0.680052
0.111619 0.766044 0.633022 0.111111 0.222222 -0.136358 0.619171 0.773326
-0.433013 0.5 0.75 0.222222 0.333333 -0.136358 0.619171 0.773326
0.150384 0.5 0.852869 0.111111 0.333333 -0.136358 0.619171 0.773326
-0.321394 0.766044 0.556671 0.222222 0.222222 -0.136358 0.619171 0.773326
-0.433013 0.5 0.75 0.222222 0.333333 -0.136358 0.619171 0.773326
0.111619 0.766044 0.633022 0.111111 0.222222 -0.136358 0.619171 0.773326
-0.321394 0.766044 0.556671 0.222222 0.222222 -0.601541 0.619171 0.504753
-0.813798 0.5 0.296198 0.333333 0.333333 -0.601541 0.619171 0.504753
-0.433013 0.5 0.75 0.222222 0.333333 -0.601541 0.619171 0.504753
-0.604023 0.766044 0.219846 0.333333 0.222222 -0.601541 0.619171 0.504753
-0.813798 0.5 0.296198 0.333333 0.333333 -0.601541 0.619171 0.504753
-0.321394 0.766044 0.556671 0.222222 0.222222 -0.601541 0.619171 0.504753
-0.604023 0.766044 0.219846 0.333333 0.222222 -0.785256 0.619171 -0
-0.813798 0.5 -0.296198 0.444444 0.333333 -0.785256 0.619171 -0
-0.813798 0.5 0.296198 0.333333 0.333333 -0.785256 0.619171 -0
-0.604023 0.766044 -0.219846 0.444444 0.222222 -0.785256 0.619171 -0
-0.813798 0.5 -0.296198 0.444444 0.333333 -0.785256 0.619171 -0
-0.604023 0.766044 0.219846 0.333333 0.222222 -0.785256 0.619171 -0
-0.604023 0.766044 -0.219846 0.444444 0.222222 -0.601541 0.619171 -0.504753
-0.433013 0.5 -0.75 0.555556 0.333333 -0.601541 0.619171 -0.504753
-0.813798 0.5 -0.296198 0.444444 0.333333 -0.601541 0.619171 -0.504753
-0.321394 0.766044 -0.55667 0.555556 0.222222 -0.601541 0.619171 -0.504753
-0.433013 0.5 -0.75 0.555556 0.333333 -0.601541 0.619171 -0.504753
-0.604023 0.766044 -0.219846 0.444444 0.222222 -0.601541 0.619171 -0.504753
-0.321394 0.766044 -0.55667 0.555556 0.222222 -0.136358 0.619171 -0.773326
0.150384 0.5 -0.852869 0.666667 0.333333 -0.136358 0.619171 -0.773326
-0.433013 0.5 -0.75 0.555556 0.333333 -0.136358 0.619171 -0.773327
0.111619 0.766044 -0.633022 0.666667 0.222222 -0.136358 0.619171 -0.773326
0.150384 0.5 -0.852869 0.666667 0.333333 -0.136358 0.619171 -0.773326
-0.321394 0.766044 -0.55667 0.555556 0.222222 -0.136358 0.619171 -0.773326
0.111619 0.766044 -0.633022 0.666667 0.222222 0.392628 0.619171 -0.680052
0.663414 0.5 -0.55667 0.777778 0.333333 0.392628 0.619171 -0.680052
0.150384 0.5 -0.852869 0.666667 0.333333 0.392628 0.619171 -0.680052
0.492404 0.766044 -0.413176 0.777778 0.222222 0.392628 0.619171 -0.680052
0.663414 0.5 -0.55667 0.777778 0.333333 0.392628 0.619171 -0.680052
0.111619 0.766044 -0.633022 0.666667 0.222222 0.392628 0.619171 -0.680052
0.492404 0.766044 -0.413176 0.777778 0.222222 0.737899 0.619171 -0.268573
0.866025 0.5 -0 0.888889 0.333333 0.737899 0.619171 -0.268573
0.663414 0.5 -0.55667 0.777778 0.333333 0.737899 0.619171 -0.268573
0.642788 0.766044 -0 0.888889 0.222222 0.7379 0.619171 -0.268573
0.866025 0.5 -0 0.888889 0.333333 0.737899 0.619171 -0.268573
0.492404 0.766044 -0.413176 0.777778 0.222222 0.737899 0.619171 -0.268573
0.642788 0.766044 -0 0.888889 0.222222 0.737899 0.619171 0.268573
0.663414 0.5 0.55667 1 0.333333 0.737899 0.619171 0.268573
0.866025 0.5 -0 0.888889 0.333333 0.737899 0.619171 0.268573
0.492404 0.766044 0.413176 1 0.222222 0.737899 0.619171 0.268573
0.663414 0.5 0.55667 1 0.333333 0.737899 0.619171 0.268573
0.642788 0.766044 -0 0.888889 0.222222 0.737899 0.619171 0.268573
0.262003 0.939693 0.219846 0 0.111111 0.261745 0.852031 0.453356
0.111619 0.766044 0.633022 0.111111 0.222222 0.261745 0.852031 0.453356
0.492404 0.766044 0.413176 0 0.222222 0.261746 0.852031 0.453356
0.059391 0.939693 0.336824 0.111111 0.111111 0.261745 0.852031 0.453357
0.111619 0.766044 0.633022 0.111111 0.222222 0.261745 0.852031 0.453356
0.262003 0.939693 0.219846 0 0.111111 0.261745 0.852031 0.453356
0.059391 0.939693 0.336824 0.111111 0.111111 -0.090903 0.852031 0.515538
-0.321394 0.766044 0.556671 0.222222 0.222222 -0.090903 0.852031 0.515538
0.111619 0.766044 0.633022 0.111111 0.222222 -0.090903 0.852031 0.515538
-0.17101 0.939693 0.296198 0.222222 0.111111 -0.090903 0.852031 0.515538
-0.321394 0.766044 0.556671 0.222222 0.222222 -0.090903 0.852031 0.515538
0.059391 0.939693 0.336824 0.111111 0.111111 -0.090903 0.852031 0.515538
-0.17101 0.939693 0.296198 0.222222 0.111111 -0.401017 0.852031 0.336493
-0.604023 0.766044 0.219846 0.333333 0.222222 -0.401017 0.852031 0.336493
-0.321394 0.766044 0.556671 0.222222 0.222222 -0.401017 0.852031 0.336493
-0.321394 0.939693 0.116978 0.333333 0.111111 -0.401017 0.852031 0.336494
-0.604023 0.766044 0.219846 0.333333 0.222222 -0.401017 0.852031 0.336493
-0.17101 0.939693 0.296198 0.222222 0.111111 -0.401017 0.852031 0.336493
-0.321394 0.939693 0.116978 0.333333 0.111111 -0.523491 0.852031 -0
-0.604023 0.766044 -0.219846 0.444444 0.222222 -0.523491 0.852031 -0
-0.604023 0.766044 0.219846 0.333333 0.222222 -0.523491 0.852031 -0
-0.321394 0.939693 -0.116978 0.444444 0.111111 -0.523491 0.852031 -0
-0.604023 0.766044 -0.219846 0.444444 0.222222 -0.523491 0.852031 -0
-0.321394 0.939693 0.116978 0.333333 0.111111 -0.523491 0.852031 -0
-0.321394 0.939693 -0.116978 0.444444 0.111111 -0.401017 0.852031 -0.336494
-0.321394 0.766044 -0.55667 0.555556 0.222222 -0.401017 0.852031 -0.336494
-0.604023 0.766044 -0.219846 0.444444 0.222222 -0.401017 0.852031 -0.336494
-0.17101 0.939693 -0.296198 0.555556 0.111111 -0.401017 0.852031 -0.336493
-0.321394 0.766044 -0.55667 0.555556 0.222222 -0.401017 0.852031 -0.336494
-0.321394 0.939693 -0.116978 0.444444 0.111111 -0.401017 0.852031 -0.336494
-0.17101 0.939693 -0.296198 0.555556 0.111111 -0.090903 0.852031 -0.515538
0.111619 0.766044 -0.633022 0.666667 0.222222 -0.090903 0.852031 -0.515538
-0.321394 0.766044 -0.55667 0.555556 0.222222 -0.090903 0.852032 -0.515538
0.059391 0.939693 -0.336824 0.666667 0.111111 -0.090903 0.852031 -0.515538
0.111619 0.766044 -0.633022 0.666667 0.222222 -0.090903 0.852031 -0.515538
-0.17101 0.939693 -0.296198 0.555556 0.111111 -0.090903 0.852031 -0.515538
0.059391 0.939693 -0.336824 0.666667 0.111111 0.261745 0.852031 -0.453356
0.492404 0.766044 -0.413176 0.777778 0.222222 0.261745 0.852031 -0.453356
0.111619 0.766044 -0.633022 0.666667 0.222222 0.261745 0.852032 -0.453356
0.262003 0.939693 -0.219846 0.777778 0.111111 0.261745 0.852031 -0.453357
0.492404 0.766044 -0.413176 0.777778 0.222222 0.261745 0.852031 -0.453356
0.059391 0.939693 -0.336824 0.666667 0.111111 0.261745 0.852031 -0.453356
0.262003 0.939693 -0.219846 0.777778 0.111111 0.491921 0.852031 -0.179044
0.642788 0.766044 -0 0.888889 0.222222 0.491921 0.852031 -0.179044
0.492404 0.766044 -0.413176 0.777778 0.222222 0.491921 0.852031 -0.179044
0.34202 0.939693 -0 0.888889 0.111111 0.491921 0.852031 -0.179044
0.642788 0.766044 -0 0.888889 0.222222 0.491921 0.852031 -0.179044
0.262003 0.939693 -0.219846 0.777778 0.111111 0.491921 0.852031 -0.179044
0.34202 0.939693 -0 0.888889 0.111111 0.49192 0.852031 0.179044
0.492404 0.766044 0.413176 1 0.222222 0.49192 0.852032 0.179044
0.642788 0.766044 -0 0.888889 0.222222 0.49192 0.852031 0.179044
0.262003 0.939693 0.219846 1 0.111111 0.491921 0.852031 0.179044
0.492404 0.766044 0.413176 1 0.222222 0.49192 0.852032 0.179044
0.34202 0.939693 -0 0.888889 0.111111 0.49192 0.852031 0.179044
0 -1 -0 0.055556 1 0.092212 -0.982847 0.159716
0.262003 -0.939693 0.219846 0 0.888889 0.092212 -0.982847 0.159716
0.059391 -0.939693 0.336824 0.111111 0.888889 0.092212 -0.982847 0.159716
0 -1 -0 0.166667 1 -0.032025 -0.982847 0.181622
0.059391 -0.939693 0.336824 0.111111 0.888889 -0.032025 -0.982847 0.181622
-0.17101 -0.939693 0.296198 0.222222 0.888889 -0.032025 -0.982847 0.181622
0 -1 -0 0.277778 1 -0.141277 -0.982847 0.118546
-0.17101 -0.939693 0.296198 0.222222 0.888889 -0.141277 -0.982847 0.118546
-0.321394 -0.939693 0.116978 0.333333 0.888889 -0.141277 -0.982847 0.118546
0 -1 -0 0.388889 1 -0.184425 -0.982847 -0
-0.321394 -0.939693 0.116978 0.333333 0.888889 -0.184425 -0.982847 -0
-0.321394 -0.939693 -0.116978 0.444444 0.888889 -0.184425 -0.982847 -0
0 -1 -0 0.5 1 -0.141277 -0.982847 -0.118546
-0.321394 -0.939693 -0.116978 0.444444 0.888889 -0.141277 -0.982847 -0.118546
-0.17101 -0.939693 -0.296198 0.555556 0.888889 -0.141277 -0.982847 -0.118546
0 -1 -0 0.611111 1 -0.032025 -0.982847 -0.181623
-0.17101 -0.939693 -0.296198 0.555556 0.888889 -0.032025 -0.982847 -0.181623
0.059391 -0.939693 -0.336824 0.666667 0.888889 -0.032025 -0.982847 -0.181623
0 -1 -0 0.722222 1 0.092212 -0.982847 -0.159716
0.059391 -0.939693 -0.336824 0.666667 0.888889 0.092212 -0.982847 -0.159716
0.262003 -0.939693 -0.219846 0.777778 0.888889 0.092212 -0.982847 -0.159716
0 -1 -0 0.833333 1 0.173302 -0.982847 -0.063077
0.262003 -0.939693 -0.219846 0.777778 0.888889 0.173302 -0.982847 -0.063077
0.34202 -0.939693 -0 0.888889 0.888889 0.173302 -0.982847 -0.063077
0 -1 -0 0.944444 1 0.173302 -0.982847 0.063077
0.34202 -0.939693 -0 0.888889 0.888889 0.173302 -0.982847 0.063077
0.262003 -0.939693 0.219846 1 0.888889 0.173302 -0.982847 0.063077
0 1 -0 0.055556 0 0.092212 0.982847 0.159716
0.059391 0.939693 0.336824 0.111111 0.111111 0.092212 0.982847 0.159716
0.262003 0.939693 0.219846 0 0.111111 0.092212 0.982847 0.159716
0 1 -0 0.166667 0 -0.032025 0.982847 0.181622
-0.17101 0.939693 0.296198 0.222222 0.111111 -0.032025 0.982847 0.181622
0.059391 0.939693 0.336824 0.111111 0.111111 -0.032025 0.982847 0.181622
0 1 -0 0.277778 0 -0.141277 0.982847 0.118546
-0.321394 0.939693 0.116978 0.333333 0.111111 -0.141277 0.982847 0.118546
-0.17101 0.939693 0.296198 0.222222 0.111111 -0.141277 0.982847 0.118546
0 1 -0 0.388889 0 -0.184425 0.982847 -0
-0.321394 0.939693 -0.116978 0.444444 0.111111 -0.184425 0.982847 -0
-0.321394 0.939693 0.116978 0.333333 0.111111 -0.184425 0.982847 -0
0 1 -0 0.5 0 -0.141277 0.982847 -0.118546
-0.17101 0.939693 -0.296198 0.555556 0.111111 -0.141277 0.982847 -0.118546
-0.321394 0.939693 -0.116978 0.444444 0.111111 -0.141277 0.982847 -0.118546
0 1 -0 0.611111 0 -0.032025 0.982847 -0.181623
0.059391 0.939693 -0.336824 0.666667 0.111111 -0.032025 0.982847 -0.181623
-0.17101 0.939693 -0.296198 0.555556 0.111111 -0.032025 0.982847 -0.181623
0 1 -0 0.722222 0 0.092212 0.982847 -0.159716
0.262003 0.939693 -0.219846 0.777778 0.111111 0.092212 0.982847 -0.159716
0.059391 0.939693 -0.336824 0.666667 0.111111 0.092212 0.982847 -0.159716
0 1 -0 0.833333 0 0.173302 0.982847 -0.063077
0.34202 0.939693 -0 0.888889 0.111111 0.173302 0.982847 -0.063077
0.262003 0.939693 -0.219846 0.777778 0.111111 0.173302 0.982847 -0.063077
0 1 -0 0.944444 0 0.173302 0.982847 0.063077
0.262003 0.939693 0.219846 1 0.111111 0.173302 0.982847 0.063077
0.34202 0.939693 -0 0.888889 0.111111 0.173302 0.982847 0.063077
